201 1 4 
201 111 5 
201 268 4 
201 283 4 
201 291 5 
201 305 4 
201 331 4 
201 740 4 
202 259 4 
202 292 3 
202 682 5 
202 872 3 
202 877 3 
202 880 3 
202 887 4 
202 895 4 
202 948 4 
203 7 4 
203 9 4 
203 100 5 
203 106 2 
203 111 4 
203 117 4 
203 118 3 
203 121 1 
203 123 3 
203 129 3 
203 148 3 
203 181 5 
203 222 5 
203 235 2 
203 274 4 
203 276 4 
203 284 3 
203 291 5 
203 370 2 
203 410 1 
203 471 4 
203 472 2 
203 515 1 
203 546 3 
203 597 1 
203 685 1 
203 748 3 
203 845 5 
203 864 5 
203 866 3 
203 925 2 
203 928 3 
204 22 4 
204 66 4 
204 243 4 
204 245 4 
204 258 4 
204 259 4 
204 269 4 
204 270 4 
204 289 4 
204 300 4 
204 307 4 
204 310 4 
204 313 4 
204 323 4 
204 327 4 
204 331 4 
204 333 4 
204 342 4 
204 343 4 
204 348 4 
204 678 4 
204 683 4 
204 687 4 
204 689 4 
204 690 4 
204 748 4 
204 754 4 
204 879 4 
204 892 4 
204 901 4 
205 2 2 
205 5 3 
205 8 3 
205 11 2 
205 12 2 
205 22 2 
205 23 2 
205 28 2 
205 29 2 
205 30 3 
205 31 2 
205 32 2 
205 33 3 
205 37 3 
205 38 3 
205 39 2 
205 40 2 
205 41 3 
205 42 2 
205 43 2 
205 45 3 
205 47 2 
205 48 2 
205 49 2 
205 50 2 
205 51 2 
205 52 3 
205 53 2 
205 55 2 
205 56 2 
205 57 2 
205 58 3 
205 60 2 
205 61 3 
205 62 2 
205 63 3 
205 64 2 
205 66 2 
205 67 2 
205 68 3 
205 70 2 
205 71 3 
205 72 3 
205 73 2 
205 75 1 
205 76 3 
205 77 2 
205 78 3 
205 80 2 
205 81 2 
205 82 2 
205 83 3 
205 85 2 
205 87 2 
205 88 3 
205 90 2 
205 91 2 
205 92 3 
205 94 3 
205 96 2 
205 97 3 
205 98 2 
205 101 2 
205 102 3 
205 127 2 
205 132 2 
205 135 2 
205 139 3 
205 141 2 
205 142 2 
205 149 4 
205 161 3 
205 168 2 
205 169 2 
205 172 2 
205 173 2 
205 175 2 
205 178 3 
205 179 2 
205 180 3 
205 183 2 
205 184 2 
205 185 2 
205 186 2 
205 188 2 
205 189 2 
205 190 2 
205 191 2 
205 192 2 
205 193 2 
205 195 2 
205 197 2 
205 198 2 
205 199 3 
205 200 2 
205 202 2 
205 204 2 
205 206 2 
205 207 3 
205 208 2 
205 210 2 
205 211 2 
205 212 4 
205 214 2 
205 215 2 
205 216 3 
205 217 2 
205 218 2 
205 219 2 
205 226 3 
205 227 3 
205 228 2 
205 229 2 
205 230 2 
205 231 3 
205 232 2 
205 233 1 
205 234 2 
205 238 2 
205 239 2 
205 265 2 
205 288 2 
205 302 3 
205 308 2 
205 317 4 
205 318 3 
205 347 3 
205 350 5 
205 351 2 
205 356 3 
205 361 2 
205 364 2 
205 365 4 
205 366 2 
205 367 2 
205 371 2 
205 374 3 
205 376 2 
205 377 5 
205 379 2 
205 383 2 
205 384 2 
205 386 2 
205 387 3 
205 388 3 
205 391 2 
205 393 3 
205 395 2 
205 396 2 
205 397 4 
205 399 2 
205 400 5 
205 402 2 
205 403 2 
205 404 3 
205 414 4 
205 415 1 
205 416 2 
205 417 2 
205 419 3 
205 420 3 
205 421 2 
205 422 5 
205 423 3 
205 426 2 
205 427 3 
205 430 3 
205 431 3 
205 433 2 
205 434 2 
205 437 5 
205 438 3 
205 439 5 
205 440 3 
205 441 1 
205 442 2 
205 444 2 
205 446 5 
205 447 2 
205 448 3 
205 449 2 
205 450 1 
205 451 2 
205 452 2 
205 453 2 
205 461 2 
205 462 3 
205 463 3 
205 464 3 
205 465 2 
205 467 5 
205 469 3 
205 470 2 
205 480 2 
205 482 4 
205 501 3 
205 504 2 
205 509 3 
205 510 2 
205 511 2 
205 514 2 
205 515 3 
205 516 4 
205 517 1 
205 518 2 
205 519 4 
205 520 3 
205 521 2 
205 522 5 
205 523 2 
205 524 1 
205 525 2 
205 526 3 
205 527 3 
205 528 2 
205 529 3 
205 530 3 
205 536 2 
205 537 2 
205 540 1 
205 541 2 
205 543 3 
205 545 3 
205 548 3 
205 549 2 
205 551 5 
205 552 2 
205 553 2 
205 555 3 
205 556 2 
205 557 3 
205 558 2 
205 559 3 
205 560 4 
205 561 3 
205 562 2 
205 563 4 
205 564 3 
205 565 2 
205 566 3 
205 567 2 
205 568 3 
205 569 2 
205 570 3 
205 573 2 
205 574 3 
205 575 3 
205 577 2 
205 578 3 
205 579 3 
205 580 2 
205 581 2 
205 583 3 
205 584 2 
205 585 2 
205 586 5 
205 588 3 
205 592 1 
205 593 3 
205 603 2 
205 606 3 
205 622 2 
205 623 1 
205 624 2 
205 625 2 
205 626 3 
205 627 2 
205 639 1 
205 642 2 
205 643 3 
205 644 2 
205 645 3 
205 647 2 
205 648 3 
205 649 2 
205 650 2 
205 651 3 
205 652 3 
205 653 3 
205 654 2 
205 655 2 
205 656 3 
205 659 2 
205 661 4 
205 662 4 
205 664 3 
205 666 3 
205 667 2 
205 669 1 
205 670 2 
205 671 2 
205 673 2 
205 674 3 
205 675 2 
205 679 3 
205 684 3 
205 692 3 
205 693 3 
205 694 5 
205 695 3 
205 697 4 
205 699 3 
205 700 3 
205 702 2 
205 707 2 
205 708 3 
205 710 3 
205 712 3 
205 714 4 
205 715 3 
205 716 5 
205 719 2 
205 720 3 
205 721 4 
205 722 2 
205 723 3 
205 726 3 
205 727 3 
205 728 2 
205 729 2 
205 731 2 
205 732 3 
205 734 2 
205 736 2 
205 739 3 
205 745 5 
205 746 2 
205 747 2 
205 753 4 
205 755 2 
205 759 1 
205 761 2 
205 765 2 
205 768 5 
205 769 3 
205 770 2 
205 771 1 
205 772 2 
205 773 1 
205 774 1 
205 775 1 
205 776 1 
205 777 2 
205 778 2 
205 779 3 
205 780 3 
205 782 3 
205 783 2 
205 784 1 
205 785 4 
205 786 5 
205 787 3 
205 788 1 
205 789 2 
205 790 2 
205 791 5 
205 793 2 
205 794 3 
205 795 1 
205 796 3 
205 798 3 
205 802 4 
205 807 1 
205 808 3 
205 810 2 
205 812 1 
205 816 2 
205 842 2 
205 843 5 
205 849 3 
205 851 1 
205 853 1 
205 854 1 
205 855 1 
205 858 1 
205 859 3 
205 860 5 
205 861 1 
205 904 2 
205 921 3 
205 939 4 
205 941 1 
205 943 3 
205 944 5 
205 946 3 
205 947 3 
205 949 2 
205 951 3 
205 953 3 
205 955 3 
205 956 3 
205 957 4 
205 959 2 
205 960 3 
205 964 5 
205 969 2 
205 971 3 
205 994 1 
205 996 4 
205 997 2 
205 999 4 
206 1 3 
206 3 2 
206 4 3 
206 5 2 
206 7 4 
206 8 3 
206 10 3 
206 11 3 
206 12 5 
206 13 5 
206 14 3 
206 15 4 
206 20 3 
206 22 3 
206 24 1 
206 25 3 
206 28 3 
206 30 4 
206 32 3 
206 39 1 
206 40 1 
206 42 4 
206 47 3 
206 48 1 
206 50 3 
206 52 4 
206 58 5 
206 63 3 
206 64 3 
206 69 3 
206 71 3 
206 72 2 
206 79 3 
206 85 1 
206 86 5 
206 87 2 
206 89 3 
206 92 5 
206 93 5 
206 96 3 
206 99 2 
206 115 1 
206 117 2 
206 121 2 
206 123 4 
206 125 3 
206 127 4 
206 129 1 
206 131 3 
206 132 3 
206 133 3 
206 134 3 
206 135 5 
206 136 3 
206 143 4 
206 148 1 
206 151 3 
206 152 1 
206 153 3 
206 156 4 
206 158 3 
206 164 5 
206 168 4 
206 170 3 
206 172 3 
206 173 5 
206 174 3 
206 175 5 
206 179 4 
206 181 2 
206 182 3 
206 183 3 
206 186 3 
206 187 3 
206 188 2 
206 190 3 
206 191 3 
206 194 2 
206 195 3 
206 196 3 
206 198 3 
206 199 3 
206 202 2 
206 203 4 
206 204 3 
206 206 2 
206 209 3 
206 211 4 
206 212 3 
206 213 3 
206 215 3 
206 218 5 
206 219 1 
206 220 1 
206 222 1 
206 228 2 
206 234 3 
206 235 2 
206 237 3 
206 238 3 
206 239 3 
206 240 1 
206 274 2 
206 275 3 
206 276 1 
206 277 5 
206 284 3 
206 289 5 
206 317 3 
206 318 3 
206 357 3 
206 368 1 
206 381 5 
206 396 3 
206 404 2 
206 405 1 
206 410 3 
206 411 3 
206 414 2 
206 418 3 
206 419 3 
206 420 2 
206 421 3 
206 427 2 
206 428 3 
206 429 3 
206 430 2 
206 431 5 
206 434 3 
206 435 2 
206 436 1 
206 443 3 
206 447 3 
206 451 4 
206 452 4 
206 453 1 
206 461 3 
206 463 4 
206 468 1 
206 469 3 
206 474 5 
206 476 2 
206 479 3 
206 480 2 
206 481 2 
206 482 2 
206 485 3 
206 487 3 
206 488 2 
206 490 3 
206 496 2 
206 498 3 
206 499 3 
206 501 3 
206 503 3 
206 504 4 
206 505 2 
206 507 4 
206 508 3 
206 509 3 
206 511 2 
206 514 3 
206 515 4 
206 517 5 
206 519 3 
206 520 2 
206 523 2 
206 524 1 
206 526 2 
206 527 2 
206 528 4 
206 529 3 
206 543 4 
206 559 3 
206 561 1 
206 573 2 
206 582 5 
206 588 2 
206 589 2 
206 591 4 
206 596 3 
206 605 3 
206 606 2 
206 607 3 
206 608 3 
206 610 4 
206 611 3 
206 612 2 
206 624 2 
206 632 5 
206 633 3 
206 634 2 
206 638 2 
206 639 2 
206 640 5 
206 641 3 
206 642 3 
206 645 3 
206 647 3 
206 651 3 
206 652 2 
206 655 3 
206 662 3 
206 663 1 
206 664 3 
206 665 1 
206 672 3 
206 675 2 
206 692 3 
206 693 4 
206 699 1 
206 701 4 
206 705 2 
206 712 4 
206 713 4 
206 715 5 
206 727 5 
206 732 2 
206 735 5 
206 737 4 
206 745 3 
206 746 3 
206 747 3 
206 756 4 
206 772 1 
206 787 1 
206 813 4 
206 823 3 
206 825 2 
206 826 5 
206 831 2 
206 845 3 
206 919 4 
206 921 4 
206 923 4 
206 942 4 
206 960 5 
206 962 3 
207 1 4 
207 2 4 
207 4 4 
207 8 4 
207 25 4 
207 28 4 
207 29 4 
207 40 4 
207 45 4 
207 50 4 
207 56 4 
207 62 4 
207 68 4 
207 69 4 
207 70 4 
207 82 4 
207 88 4 
207 89 4 
207 91 4 
207 96 4 
207 97 4 
207 98 4 
207 99 4 
207 100 4 
207 117 4 
207 118 4 
207 123 4 
207 127 4 
207 132 4 
207 135 4 
207 143 4 
207 144 4 
207 147 4 
207 157 4 
207 158 4 
207 159 4 
207 161 4 
207 163 4 
207 172 4 
207 173 4 
207 174 4 
207 177 4 
207 179 4 
207 180 4 
207 181 4 
207 182 4 
207 183 4 
207 185 4 
207 186 4 
207 188 4 
207 193 4 
207 194 4 
207 196 4 
207 197 4 
207 200 4 
207 201 4 
207 202 4 
207 203 4 
207 205 4 
207 208 4 
207 209 4 
207 211 4 
207 214 4 
207 215 4 
207 216 4 
207 217 4 
207 218 4 
207 222 4 
207 223 4 
207 226 4 
207 227 4 
207 228 4 
207 229 4 
207 230 4 
207 231 4 
207 232 4 
207 235 4 
207 238 4 
207 239 4 
207 244 4 
207 248 4 
207 249 4 
207 250 4 
207 255 4 
207 257 4 
207 265 4 
207 269 4 
207 274 4 
207 286 4 
207 289 4 
207 290 4 
207 291 4 
207 313 4 
207 316 4 
207 345 4 
207 357 4 
207 371 4 
207 382 4 
207 385 4 
207 393 4 
207 399 4 
207 400 4 
207 405 4 
207 416 4 
207 418 4 
207 423 4 
207 427 4 
207 428 4 
207 432 4 
207 433 4 
207 436 4 
207 447 4 
207 448 4 
207 449 4 
207 455 4 
207 466 4 
207 476 4 
207 478 4 
207 479 4 
207 483 4 
207 484 4 
207 493 4 
207 496 4 
207 502 4 
207 508 4 
207 510 4 
207 514 4 
207 519 4 
207 521 4 
207 525 4 
207 559 4 
207 561 4 
207 565 4 
207 588 4 
207 603 4 
207 616 4 
207 629 4 
207 635 4 
207 642 4 
207 648 4 
207 656 4 
207 657 4 
207 660 4 
207 675 4 
207 684 4 
207 705 4 
207 710 4 
207 712 4 
207 715 4 
207 729 4 
207 732 4 
207 746 4 
207 755 4 
207 756 4 
207 785 4 
207 844 4 
207 859 4 
207 869 4 
207 879 4 
207 949 4 
207 969 4 
207 972 4 
207 993 4 
208 270 4 
208 271 4 
208 286 4 
208 294 4 
208 300 4 
208 313 5 
208 315 5 
208 319 4 
208 328 4 
208 347 4 
208 358 4 
208 539 4 
208 683 4 
208 689 3 
208 748 4 
209 6 5 
209 8 4 
209 9 5 
209 12 5 
209 14 5 
209 22 5 
209 23 2 
209 28 3 
209 30 5 
209 48 5 
209 50 4 
209 58 4 
209 59 4 
209 60 3 
209 65 4 
209 87 3 
209 97 1 
209 98 2 
209 99 4 
209 100 4 
209 133 4 
209 135 4 
209 153 3 
209 154 5 
209 156 4 
209 162 4 
209 166 5 
209 168 4 
209 170 5 
209 172 4 
209 173 4 
209 174 4 
209 175 4 
209 179 4 
209 181 1 
209 186 5 
209 191 3 
209 192 3 
209 195 4 
209 197 4 
209 199 4 
209 200 1 
209 201 5 
209 202 2 
209 203 5 
209 204 3 
209 205 4 
209 207 2 
209 209 5 
209 210 5 
209 213 5 
209 214 4 
209 216 5 
209 223 3 
209 264 5 
209 266 5 
209 270 4 
209 275 5 
209 276 4 
209 283 5 
209 285 5 
209 286 4 
209 288 4 
209 300 5 
209 303 4 
209 318 5 
209 321 4 
209 322 5 
209 325 5 
209 327 3 
209 339 1 
209 343 4 
209 357 3 
209 367 4 
209 381 4 
209 382 5 
209 404 2 
209 427 3 
209 428 4 
209 429 5 
209 430 4 
209 433 5 
209 435 4 
209 461 4 
209 478 3 
209 479 4 
209 480 5 
209 481 4 
209 482 3 
209 483 4 
209 485 3 
209 486 4 
209 489 5 
209 491 5 
209 493 5 
209 496 4 
209 497 5 
209 498 5 
209 504 4 
209 505 3 
209 514 2 
209 516 5 
209 518 4 
209 520 4 
209 523 3 
209 526 3 
209 527 4 
209 528 5 
209 530 3 
209 604 5 
209 606 4 
209 607 5 
209 608 4 
209 609 4 
209 615 4 
209 618 4 
209 631 2 
209 633 4 
209 647 5 
209 654 5 
209 659 5 
209 661 1 
209 664 4 
209 676 5 
209 680 4 
209 684 4 
209 708 5 
209 709 3 
209 714 5 
209 733 4 
209 749 4 
209 855 4 
209 877 4 
209 879 4 
209 937 4 
209 945 4 
209 965 5 
209 995 2 
210 258 1 
210 269 2 
210 286 2 
210 289 2 
210 300 1 
210 311 1 
210 312 1 
210 313 1 
210 315 2 
210 316 2 
210 323 2 
210 328 1 
210 340 2 
210 354 2 
210 690 1 
210 754 1 
210 873 1 
210 898 1 
210 905 2 
211 1 4 
211 4 3 
211 9 4 
211 22 5 
211 38 3 
211 56 4 
211 73 4 
211 88 5 
211 117 4 
211 161 4 
211 168 4 
211 172 5 
211 181 5 
211 186 5 
211 195 4 
211 196 4 
211 208 4 
211 209 4 
211 210 4 
211 222 5 
211 227 4 
211 228 4 
211 229 3 
211 230 4 
211 258 4 
211 265 4 
211 276 3 
211 318 4 
211 405 4 
211 435 3 
211 449 3 
211 451 3 
211 485 3 
211 527 4 
211 566 1 
211 568 4 
211 651 4 
211 655 4 
211 709 4 
211 720 5 
211 732 1 
211 770 2 
212 4 4 
212 7 4 
212 23 4 
212 24 4 
212 28 4 
212 56 4 
212 64 4 
212 70 4 
212 81 4 
212 92 5 
212 96 4 
212 150 4 
212 154 5 
212 172 4 
212 173 4 
212 175 5 
212 182 4 
212 186 4 
212 193 4 
212 206 4 
212 211 4 
212 218 4 
212 276 4 
212 288 4 
212 318 4 
212 340 5 
212 408 4 
212 427 4 
212 436 5 
212 480 4 
212 487 5 
212 508 4 
212 526 1 
212 634 1 
212 651 4 
212 684 3 
212 724 4 
213 7 4 
213 9 5 
213 15 5 
213 50 5 
213 124 4 
213 181 5 
213 222 2 
213 236 4 
213 245 5 
213 255 2 
213 257 4 
213 258 3 
213 260 3 
213 269 4 
213 271 1 
213 275 2 
213 286 4 
213 297 3 
213 300 5 
213 301 2 
213 302 4 
213 303 3 
213 306 4 
213 326 3 
213 328 3 
213 332 4 
213 471 3 
213 508 5 
213 628 5 
213 690 3 
213 877 1 
213 936 5 
214 100 5 
214 258 4 
214 260 4 
214 294 4 
214 300 4 
214 301 4 
214 302 4 
214 325 4 
214 340 4 
214 343 4 
214 678 4 
214 748 4 
215 56 4 
215 185 4 
215 195 4 
215 243 5 
215 269 3 
215 322 4 
215 323 5 
215 328 3 
215 432 3 
215 531 3 
215 748 5 
215 754 4 
216 1 5 
216 2 5 
216 7 5 
216 8 5 
216 9 4 
216 10 4 
216 11 1 
216 12 5 
216 13 3 
216 14 2 
216 21 4 
216 22 5 
216 24 5 
216 25 5 
216 27 5 
216 28 5 
216 29 5 
216 31 1 
216 32 5 
216 36 4 
216 38 4 
216 41 4 
216 42 3 
216 43 4 
216 44 5 
216 49 4 
216 50 5 
216 51 5 
216 53 5 
216 54 1 
216 55 4 
216 56 5 
216 58 5 
216 64 3 
216 65 5 
216 66 5 
216 67 5 
216 69 5 
216 70 5 
216 71 1 
216 73 5 
216 77 4 
216 81 4 
216 82 5 
216 83 5 
216 85 4 
216 86 5 
216 87 5 
216 88 4 
216 90 5 
216 92 3 
216 93 4 
216 94 5 
216 97 4 
216 98 1 
216 99 4 
216 105 4 
216 106 4 
216 107 5 
216 117 5 
216 121 4 
216 123 4 
216 125 4 
216 126 5 
216 127 5 
216 132 2 
216 133 4 
216 134 1 
216 136 4 
216 137 1 
216 140 4 
216 142 4 
216 143 4 
216 144 4 
216 148 4 
216 154 4 
216 155 5 
216 156 5 
216 157 1 
216 158 4 
216 159 5 
216 161 4 
216 168 5 
216 172 3 
216 174 4 
216 176 3 
216 178 2 
216 181 5 
216 182 5 
216 183 4 
216 185 1 
216 187 5 
216 191 2 
216 194 3 
216 195 2 
216 196 3 
216 197 5 
216 199 4 
216 200 5 
216 202 2 
216 203 1 
216 204 3 
216 209 4 
216 210 1 
216 211 5 
216 213 3 
216 215 3 
216 216 5 
216 217 5 
216 219 5 
216 220 4 
216 225 4 
216 226 4 
216 230 5 
216 234 4 
216 237 4 
216 238 2 
216 239 4 
216 240 4 
216 241 5 
216 242 5 
216 245 3 
216 246 5 
216 248 4 
216 249 5 
216 250 5 
216 251 3 
216 252 4 
216 253 4 
216 254 5 
216 257 5 
216 258 4 
216 259 4 
216 264 3 
216 266 4 
216 268 5 
216 272 4 
216 274 5 
216 275 4 
216 276 3 
216 277 4 
216 281 5 
216 283 4 
216 284 4 
216 285 4 
216 286 5 
216 287 5 
216 288 5 
216 289 5 
216 294 5 
216 295 2 
216 297 5 
216 298 5 
216 301 5 
216 304 4 
216 307 5 
216 312 4 
216 313 3 
216 315 5 
216 316 5 
216 317 1 
216 318 3 
216 319 4 
216 322 4 
216 323 5 
216 326 3 
216 327 5 
216 328 5 
216 329 5 
216 331 5 
216 332 4 
216 333 5 
216 338 5 
216 339 5 
216 346 1 
216 347 1 
216 348 5 
216 354 1 
216 356 4 
216 357 1 
216 364 4 
216 366 5 
216 367 5 
216 369 4 
216 375 4 
216 378 4 
216 385 5 
216 388 5 
216 393 4 
216 395 4 
216 396 5 
216 399 4 
216 401 5 
216 402 4 
216 403 1 
216 404 3 
216 405 5 
216 411 5 
216 412 4 
216 417 5 
216 418 5 
216 419 5 
216 423 4 
216 425 5 
216 427 4 
216 431 5 
216 432 3 
216 433 5 
216 443 4 
216 448 1 
216 451 5 
216 452 5 
216 462 4 
216 463 1 
216 468 4 
216 469 5 
216 471 5 
216 472 4 
216 473 4 
216 475 5 
216 476 5 
216 479 5 
216 480 1 
216 496 4 
216 498 5 
216 500 4 
216 501 4 
216 506 5 
216 509 5 
216 515 5 
216 526 5 
216 531 1 
216 532 5 
216 538 5 
216 546 5 
216 549 2 
216 553 5 
216 554 5 
216 559 5 
216 560 4 
216 564 5 
216 568 5 
216 576 5 
216 578 5 
216 585 3 
216 588 4 
216 591 4 
216 592 4 
216 607 2 
216 614 4 
216 619 4 
216 625 5 
216 627 1 
216 628 5 
216 633 4 
216 651 5 
216 652 5 
216 657 3 
216 658 5 
216 660 4 
216 662 1 
216 676 1 
216 678 5 
216 682 5 
216 684 2 
216 685 2 
216 686 5 
216 689 4 
216 690 5 
216 693 5 
216 696 4 
216 699 5 
216 707 5 
216 708 5 
216 710 4 
216 712 4 
216 713 5 
216 717 4 
216 720 4 
216 721 4 
216 723 4 
216 724 4 
216 729 1 
216 734 4 
216 735 3 
216 737 4 
216 738 4 
216 739 4 
216 746 4 
216 747 4 
216 748 4 
216 750 5 
216 754 3 
216 755 5 
216 761 5 
216 762 3 
216 768 4 
216 770 4 
216 775 4 
216 778 1 
216 781 5 
216 783 5 
216 785 4 
216 790 5 
216 792 5 
216 794 4 
216 795 5 
216 803 4 
216 807 5 
216 812 5 
216 815 2 
216 819 4 
216 821 5 
216 824 5 
216 827 5 
216 833 5 
216 834 4 
216 840 4 
216 842 5 
216 843 2 
216 845 5 
216 849 4 
216 864 4 
216 866 5 
216 873 4 
216 874 3 
216 879 5 
216 895 5 
216 915 5 
216 916 3 
216 917 4 
216 918 5 
216 928 4 
216 929 4 
216 931 4 
216 934 4 
216 936 3 
216 937 3 
216 938 4 
216 941 5 
216 955 4 
216 959 1 
216 966 2 
216 972 3 
216 975 4 
216 980 4 
216 985 4 
216 990 4 
216 997 5 
217 1 4 
217 3 3 
217 5 4 
217 7 4 
217 11 4 
217 12 5 
217 13 5 
217 15 4 
217 16 3 
217 17 4 
217 20 3 
217 23 3 
217 27 3 
217 29 1 
217 32 4 
217 39 4 
217 42 4 
217 44 1 
217 47 4 
217 50 3 
217 51 4 
217 55 3 
217 56 3 
217 58 5 
217 62 3 
217 63 4 
217 64 3 
217 65 3 
217 67 4 
217 68 4 
217 69 3 
217 70 4 
217 72 5 
217 73 3 
217 77 3 
217 78 1 
217 79 3 
217 80 5 
217 81 3 
217 82 4 
217 83 4 
217 89 3 
217 91 3 
217 95 1 
217 96 3 
217 97 5 
217 98 3 
217 99 3 
217 100 3 
217 101 3 
217 106 4 
217 109 4 
217 118 4 
217 120 3 
217 122 3 
217 123 3 
217 125 3 
217 127 4 
217 131 4 
217 132 3 
217 135 3 
217 139 3 
217 142 2 
217 144 3 
217 145 2 
217 147 4 
217 154 3 
217 157 3 
217 159 3 
217 162 2 
217 164 4 
217 167 2 
217 168 2 
217 169 2 
217 171 1 
217 172 3 
217 173 3 
217 174 2 
217 176 2 
217 178 5 
217 179 4 
217 181 2 
217 182 3 
217 183 2 
217 184 3 
217 186 3 
217 190 3 
217 195 3 
217 196 3 
217 198 4 
217 200 3 
217 201 4 
217 202 3 
217 206 2 
217 207 5 
217 208 3 
217 214 3 
217 216 3 
217 217 4 
217 218 4 
217 219 5 
217 222 2 
217 223 2 
217 226 3 
217 228 3 
217 232 1 
217 234 3 
217 235 4 
217 242 3 
217 245 1 
217 246 3 
217 248 3 
217 250 5 
217 252 4 
217 255 3 
217 257 4 
217 258 5 
217 260 4 
217 264 3 
217 265 5 
217 270 1 
217 273 2 
217 286 3 
217 288 3 
217 290 5 
217 293 3 
217 294 4 
217 298 1 
217 323 4 
217 324 3 
217 325 4 
217 326 4 
217 340 3 
217 357 4 
217 358 3 
217 364 3 
217 367 1 
217 373 4 
217 380 1 
217 382 4 
217 385 3 
217 386 3 
217 388 4 
217 391 2 
217 392 4 
217 393 3 
217 395 3 
217 396 4 
217 399 3 
217 402 4 
217 403 3 
217 404 4 
217 413 2 
217 419 4 
217 420 3 
217 421 4 
217 422 2 
217 423 3 
217 425 4 
217 428 4 
217 431 4 
217 433 3 
217 436 4 
217 441 3 
217 444 3 
217 447 4 
217 449 4 
217 451 3 
217 452 5 
217 461 3 
217 465 3 
217 472 4 
217 474 3 
217 475 3 
217 483 2 
217 484 2 
217 485 4 
217 498 3 
217 501 3 
217 508 3 
217 513 3 
217 518 4 
217 541 4 
217 544 2 
217 545 3 
217 546 2 
217 551 1 
217 552 4 
217 555 2 
217 559 4 
217 561 4 
217 562 5 
217 563 5 
217 574 2 
217 578 3 
217 579 2 
217 582 3 
217 596 3 
217 597 3 
217 614 3 
217 616 3 
217 625 4 
217 628 5 
217 631 4 
217 636 4 
217 638 4 
217 640 4 
217 642 4 
217 655 4 
217 658 3 
217 665 5 
217 668 4 
217 669 4 
217 674 5 
217 679 3 
217 684 3 
217 685 3 
217 692 3 
217 708 4 
217 709 3 
217 710 3 
217 715 5 
217 723 3 
217 725 4 
217 727 5 
217 728 4 
217 732 5 
217 742 4 
217 746 3 
217 747 4 
217 748 3 
217 758 4 
217 762 4 
217 764 4 
217 765 3 
217 767 3 
217 769 3 
217 774 3 
217 778 5 
217 781 4 
217 783 4 
217 792 4 
217 796 4 
217 797 4 
217 800 3 
217 804 3 
217 809 4 
217 810 4 
217 815 3 
217 825 3 
217 827 4 
217 831 4 
217 849 3 
217 855 2 
217 871 5 
217 895 3 
217 923 4 
217 928 5 
217 940 3 
217 943 4 
217 944 5 
217 946 1 
217 963 4 
217 979 3 
217 999 2 
217 1000 3 
218 258 3 
218 269 3 
218 288 3 
218 301 3 
218 302 3 
218 313 3 
218 327 2 
218 328 2 
218 331 3 
218 362 5 
218 750 1 
218 895 4 
218 899 3 
219 50 5 
219 79 5 
219 89 5 
219 100 5 
219 173 5 
219 181 5 
219 223 4 
219 257 5 
219 275 5 
219 286 5 
219 405 5 
219 478 5 
219 488 5 
219 615 5 
219 617 5 
219 705 5 
220 19 5 
220 86 2 
220 100 5 
220 116 2 
220 137 5 
220 251 5 
220 275 5 
220 283 5 
220 302 4 
220 319 5 
220 331 4 
220 408 1 
220 475 5 
220 478 4 
220 508 3 
220 513 1 
220 603 4 
220 750 5 
220 753 5 
221 4 4 
221 7 4 
221 11 5 
221 12 5 
221 50 4 
221 56 5 
221 82 5 
221 87 5 
221 89 4 
221 96 5 
221 100 5 
221 117 5 
221 124 4 
221 127 2 
221 129 4 
221 144 5 
221 156 2 
221 164 4 
221 172 5 
221 174 3 
221 175 4 
221 176 5 
221 182 5 
221 183 5 
221 185 5 
221 194 4 
221 200 4 
221 213 5 
221 218 4 
221 219 4 
221 238 3 
221 302 4 
221 333 5 
221 443 4 
221 448 4 
221 466 4 
221 516 5 
221 517 5 
221 653 4 
221 657 4 
221 672 4 
221 709 4 
221 879 5 
221 914 4 
221 915 4 
222 1 3 
222 15 4 
222 50 5 
222 53 3 
222 98 4 
222 100 1 
222 109 3 
222 117 2 
222 124 3 
222 126 3 
222 127 5 
222 129 3 
222 137 4 
222 151 5 
222 181 1 
222 184 4 
222 200 5 
222 201 3 
222 217 3 
222 219 1 
222 222 4 
222 235 2 
222 250 5 
222 257 2 
222 258 3 
222 260 1 
222 270 5 
222 273 4 
222 276 5 
222 286 4 
222 287 4 
222 288 4 
222 293 1 
222 294 1 
222 299 5 
222 307 3 
222 324 5 
222 326 3 
222 327 1 
222 334 3 
222 370 2 
222 379 4 
222 396 3 
222 410 3 
222 436 1 
222 447 2 
222 448 1 
222 452 5 
222 458 2 
222 475 5 
222 477 3 
222 515 3 
222 551 5 
222 558 4 
222 559 2 
222 561 5 
222 590 1 
222 665 5 
222 670 3 
222 671 5 
222 672 3 
222 682 1 
222 742 4 
222 760 3 
222 854 3 
222 867 3 
222 919 4 
222 922 3 
222 926 5 
223 9 1 
223 15 5 
223 127 1 
223 148 2 
223 237 4 
223 245 3 
223 258 2 
223 269 4 
223 272 1 
223 276 3 
223 282 3 
223 286 4 
223 299 3 
223 300 2 
223 304 1 
223 307 3 
223 310 4 
223 313 4 
223 315 3 
223 322 4 
223 323 3 
223 326 4 
223 327 3 
223 328 3 
223 329 3 
223 333 5 
223 340 3 
223 344 5 
223 347 3 
223 355 5 
223 471 3 
223 546 4 
223 591 2 
223 628 4 
223 678 4 
223 689 1 
223 696 3 
223 744 4 
223 748 3 
223 750 5 
223 754 3 
223 823 3 
223 879 3 
223 898 1 
223 924 5 
223 977 1 
224 1 4 
224 14 3 
224 15 3 
224 25 1 
224 50 1 
224 100 1 
224 115 5 
224 127 3 
224 151 5 
224 172 5 
224 243 4 
224 261 4 
224 275 3 
224 288 4 
224 289 5 
224 310 4 
224 323 4 
224 333 5 
224 427 5 
224 508 4 
224 538 5 
224 681 4 
224 683 4 
224 689 5 
224 882 4 
225 1 1 
225 2 5 
225 7 3 
225 17 2 
225 22 3 
225 24 3 
225 32 1 
225 38 2 
225 39 5 
225 53 3 
225 55 4 
225 62 1 
225 68 5 
225 79 3 
225 82 2 
225 83 3 
225 98 3 
225 100 4 
225 117 3 
225 118 4 
225 121 3 
225 124 5 
225 127 5 
225 144 4 
225 147 1 
225 156 1 
225 168 5 
225 171 1 
225 172 3 
225 174 3 
225 176 2 
225 177 1 
225 178 1 
225 180 1 
225 183 4 
225 185 1 
225 187 4 
225 188 5 
225 191 1 
225 195 3 
225 198 5 
225 200 3 
225 201 2 
225 204 3 
225 207 1 
225 209 5 
225 210 2 
225 218 5 
225 222 3 
225 227 5 
225 229 2 
225 230 2 
225 231 2 
225 232 5 
225 234 3 
225 241 3 
225 244 5 
225 250 1 
225 252 2 
225 257 3 
225 259 1 
225 271 3 
225 272 5 
225 273 3 
225 281 2 
225 286 5 
225 288 3 
225 298 1 
225 302 4 
225 305 1 
225 307 5 
225 310 3 
225 313 2 
225 316 3 
225 318 3 
225 322 1 
225 323 1 
225 324 3 
225 325 1 
225 327 3 
225 333 4 
225 338 2 
225 340 3 
225 343 2 
225 346 3 
225 355 4 
225 357 4 
225 358 3 
225 362 5 
225 363 1 
225 379 1 
225 385 3 
225 398 2 
225 424 4 
225 429 4 
225 445 1 
225 447 2 
225 448 2 
225 452 1 
225 474 1 
225 475 3 
225 491 1 
225 515 2 
225 520 1 
225 522 3 
225 529 4 
225 538 2 
225 540 1 
225 550 3 
225 562 2 
225 566 2 
225 568 3 
225 573 1 
225 576 2 
225 583 2 
225 590 3 
225 597 3 
225 636 2 
225 669 1 
225 670 1 
225 675 1 
225 678 3 
225 679 1 
225 686 5 
225 690 3 
225 748 3 
225 750 2 
225 751 3 
225 759 1 
225 823 1 
225 825 3 
225 831 1 
225 841 5 
225 853 2 
225 877 5 
225 879 2 
225 895 3 
225 912 1 
225 943 3 
225 976 3 
226 23 5 
226 50 4 
226 98 4 
226 99 4 
226 133 4 
226 134 4 
226 135 4 
226 168 4 
226 174 4 
226 178 4 
226 182 4 
226 185 4 
226 191 4 
226 196 4 
226 197 4 
226 199 4 
226 200 3 
226 204 4 
226 208 4 
226 211 4 
226 318 4 
226 418 5 
226 427 4 
226 428 3 
226 430 4 
226 432 4 
226 435 4 
226 474 4 
226 478 3 
226 480 4 
226 483 4 
226 486 4 
226 488 4 
226 490 4 
226 491 4 
226 492 4 
226 493 4 
226 494 4 
226 504 1 
226 505 4 
226 510 4 
226 511 2 
226 524 4 
226 525 4 
226 526 5 
226 601 4 
226 603 4 
226 605 5 
226 606 4 
226 607 4 
226 608 5 
226 610 4 
226 613 4 
226 614 4 
226 616 5 
226 631 4 
226 633 4 
226 646 3 
226 648 4 
226 651 4 
226 653 4 
226 654 3 
226 655 4 
226 657 4 
226 673 4 
226 705 5 
226 754 4 
226 835 5 
226 836 4 
226 848 3 
227 245 5 
227 258 5 
227 263 5 
227 286 5 
227 292 5 
227 300 5 
227 302 5 
227 303 5 
227 304 5 
227 319 5 
227 332 5 
227 341 4 
227 359 5 
227 680 5 
227 681 5 
227 682 5 
227 688 5 
227 874 5 
228 243 3 
228 259 3 
228 268 5 
228 271 2 
228 272 5 
228 286 4 
228 289 1 
228 294 3 
228 300 2 
228 301 3 
228 305 1 
228 307 3 
228 312 3 
228 313 4 
228 322 3 
228 323 5 
228 326 3 
228 329 2 
228 332 3 
228 334 1 
228 338 5 
228 344 5 
228 350 1 
228 538 1 
228 690 1 
228 750 1 
228 875 5 
228 877 3 
228 879 3 
228 886 5 
228 896 1 
228 908 2 
228 988 2 
229 1 3 
229 2 2 
229 3 3 
229 4 3 
229 7 4 
229 8 3 
229 12 3 
229 15 3 
229 21 1 
229 22 3 
229 23 3 
229 24 3 
229 26 3 
229 28 3 
229 31 3 
229 32 3 
229 45 3 
229 47 3 
229 48 3 
229 50 3 
229 52 3 
229 53 3 
229 55 3 
229 56 3 
229 58 3 
229 62 3 
229 63 3 
229 64 3 
229 66 4 
229 68 3 
229 69 3 
229 70 3 
229 72 2 
229 73 2 
229 77 3 
229 79 3 
229 81 3 
229 82 3 
229 83 3 
229 85 3 
229 86 3 
229 87 3 
229 88 2 
229 89 3 
229 90 4 
229 91 3 
229 92 3 
229 93 3 
229 95 2 
229 96 3 
229 97 3 
229 101 5 
229 109 2 
229 114 4 
229 117 4 
229 118 3 
229 123 4 
229 124 3 
229 127 3 
229 128 4 
229 132 3 
229 133 2 
229 134 3 
229 137 3 
229 140 1 
229 141 3 
229 143 2 
229 144 1 
229 150 5 
229 151 3 
229 153 3 
229 154 3 
229 157 3 
229 159 2 
229 161 3 
229 162 3 
229 163 3 
229 164 4 
229 165 4 
229 166 4 
229 168 3 
229 170 3 
229 172 3 
229 174 3 
229 178 3 
229 179 3 
229 181 3 
229 183 3 
229 184 3 
229 185 3 
229 186 3 
229 188 3 
229 190 3 
229 191 3 
229 193 3 
229 195 3 
229 197 3 
229 201 4 
229 202 2 
229 203 3 
229 207 3 
229 208 3 
229 209 3 
229 210 3 
229 211 3 
229 214 3 
229 216 3 
229 218 3 
229 219 3 
229 223 3 
229 225 4 
229 229 4 
229 232 3 
229 233 4 
229 237 2 
229 238 3 
229 248 4 
229 249 3 
229 250 3 
229 258 3 
229 264 3 
229 265 3 
229 273 3 
229 274 5 
229 275 3 
229 276 3 
229 277 3 
229 280 2 
229 281 3 
229 282 4 
229 283 3 
229 288 3 
229 290 5 
229 291 3 
229 298 3 
229 301 3 
229 318 3 
229 319 3 
229 321 5 
229 340 1 
229 356 2 
229 365 4 
229 366 4 
229 367 3 
229 371 3 
229 378 2 
229 385 4 
229 387 5 
229 392 4 
229 393 2 
229 403 3 
229 404 5 
229 405 4 
229 410 3 
229 411 3 
229 415 4 
229 418 3 
229 419 3 
229 423 3 
229 427 3 
229 428 3 
229 431 3 
229 432 5 
229 433 3 
229 435 3 
229 436 3 
229 441 3 
229 448 3 
229 455 3 
229 457 4 
229 464 3 
229 466 3 
229 467 3 
229 468 3 
229 470 2 
229 473 2 
229 475 3 
229 480 3 
229 481 4 
229 482 2 
229 483 3 
229 484 3 
229 485 4 
229 491 3 
229 493 4 
229 495 3 
229 496 5 
229 499 3 
229 500 3 
229 502 3 
229 504 3 
229 505 3 
229 508 3 
229 511 3 
229 514 3 
229 520 3 
229 527 3 
229 531 4 
229 535 3 
229 537 2 
229 546 3 
229 549 3 
229 550 4 
229 566 4 
229 568 3 
229 569 5 
229 570 3 
229 578 3 
229 581 3 
229 584 3 
229 591 3 
229 602 2 
229 603 3 
229 611 3 
229 625 2 
229 627 5 
229 628 4 
229 629 2 
229 631 3 
229 633 3 
229 635 2 
229 636 3 
229 640 4 
229 642 3 
229 652 3 
229 654 3 
229 655 3 
229 658 3 
229 662 1 
229 665 4 
229 671 3 
229 672 4 
229 673 3 
229 679 3 
229 684 3 
229 692 3 
229 693 3 
229 700 2 
229 702 3 
229 705 3 
229 708 3 
229 709 3 
229 710 3 
229 726 3 
229 729 4 
229 732 2 
229 735 3 
229 742 3 
229 744 3 
229 747 4 
229 755 4 
229 756 5 
229 761 3 
229 762 2 
229 763 3 
229 768 4 
229 780 3 
229 794 3 
229 804 3 
229 805 3 
229 806 3 
229 820 1 
229 826 4 
229 833 3 
229 845 4 
229 847 2 
229 921 3 
229 928 3 
229 941 3 
229 944 1 
229 961 2 
229 967 3 
229 972 3 
230 9 5 
230 10 4 
230 12 5 
230 19 3 
230 42 5 
230 50 4 
230 56 5 
230 98 5 
230 100 4 
230 101 5 
230 117 1 
230 129 4 
230 137 4 
230 152 4 
230 164 2 
230 165 5 
230 181 4 
230 221 4 
230 222 5 
230 234 4 
230 237 4 
230 248 4 
230 253 5 
230 258 4 
230 264 3 
230 273 3 
230 276 4 
230 286 3 
230 288 5 
230 293 3 
230 294 2 
230 300 5 
230 302 4 
230 318 1 
230 328 1 
230 436 5 
230 514 4 
230 515 4 
230 527 4 
230 528 4 
230 547 5 
230 628 4 
230 674 5 
231 286 3 
231 307 5 
231 322 4 
231 323 1 
231 327 3 
231 358 3 
231 538 3 
231 690 3 
231 748 4 
231 879 4 
231 988 3 
232 1 1 
232 7 1 
232 24 4 
232 50 5 
232 93 1 
232 100 1 
232 108 3 
232 109 4 
232 111 4 
232 117 4 
232 118 3 
232 121 1 
232 123 4 
232 151 5 
232 181 5 
232 222 4 
232 246 1 
232 248 2 
232 249 3 
232 250 2 
232 257 1 
232 258 1 
232 274 1 
232 276 5 
232 284 3 
232 294 2 
232 295 3 
232 300 3 
232 315 5 
232 322 3 
232 405 1 
232 410 3 
232 411 1 
232 471 4 
232 508 5 
232 546 1 
232 620 3 
232 628 1 
232 678 2 
232 742 1 
232 763 3 
232 815 3 
232 844 1 
232 845 2 
233 59 5 
233 60 5 
233 95 3 
233 173 3 
233 174 3 
233 194 3 
233 246 5 
233 268 5 
233 269 4 
233 273 5 
233 276 5 
233 293 1 
233 302 5 
233 303 3 
233 322 1 
233 323 1 
233 326 2 
233 333 3 
233 340 2 
233 435 4 
233 474 1 
233 507 5 
233 657 1 
233 682 4 
233 690 2 
233 748 1 
233 754 1 
233 919 4 
234 9 3 
234 111 5 
234 121 2 
234 125 1 
234 147 5 
234 148 5 
234 151 4 
234 225 1 
234 274 2 
234 275 3 
234 283 4 
234 287 5 
234 288 2 
234 347 1 
234 369 5 
234 406 1 
234 471 1 
234 476 3 
234 546 3 
234 628 2 
234 756 4 
234 763 1 
234 815 2 
234 819 4 
234 833 4 
234 844 5 
234 928 1 
234 975 1 
235 1 4 
235 3 4 
235 4 2 
235 5 3 
235 7 5 
235 9 2 
235 11 4 
235 12 4 
235 15 3 
235 21 2 
235 22 2 
235 23 4 
235 24 5 
235 25 3 
235 27 1 
235 28 3 
235 31 3 
235 38 5 
235 40 4 
235 42 1 
235 45 1 
235 49 3 
235 50 4 
235 52 3 
235 54 3 
235 62 4 
235 63 4 
235 64 3 
235 67 3 
235 68 4 
235 69 3 
235 71 4 
235 72 4 
235 73 3 
235 80 4 
235 82 3 
235 83 4 
235 85 1 
235 86 4 
235 89 4 
235 95 5 
235 96 5 
235 100 2 
235 105 4 
235 108 3 
235 109 5 
235 111 1 
235 115 4 
235 117 5 
235 118 2 
235 121 4 
235 122 4 
235 123 2 
235 125 3 
235 128 5 
235 132 3 
235 135 4 
235 136 1 
235 141 1 
235 148 3 
235 151 1 
235 152 1 
235 153 2 
235 154 5 
235 156 1 
235 157 2 
235 159 3 
235 160 4 
235 161 5 
235 162 5 
235 163 4 
235 164 5 
235 167 3 
235 168 1 
235 171 1 
235 172 4 
235 173 3 
235 174 1 
235 175 1 
235 176 1 
235 182 4 
235 183 2 
235 184 5 
235 185 1 
235 186 2 
235 187 2 
235 188 5 
235 190 5 
235 191 1 
235 195 5 
235 196 5 
235 199 2 
235 200 5 
235 204 5 
235 206 3 
235 211 4 
235 214 5 
235 215 5 
235 216 5 
235 217 4 
235 218 5 
235 219 1 
235 222 3 
235 225 3 
235 226 5 
235 227 3 
235 228 5 
235 229 3 
235 230 3 
235 234 5 
235 239 3 
235 240 4 
235 245 4 
235 246 3 
235 250 5 
235 252 5 
235 254 5 
235 255 4 
235 257 1 
235 258 2 
235 260 1 
235 264 1 
235 273 1 
235 284 5 
235 290 4 
235 291 5 
235 294 1 
235 299 3 
235 300 4 
235 307 5 
235 313 4 
235 317 4 
235 318 5 
235 321 4 
235 327 4 
235 331 4 
235 338 2 
235 343 3 
235 351 3 
235 354 4 
235 357 2 
235 358 3 
235 367 4 
235 369 3 
235 376 3 
235 380 3 
235 381 1 
235 382 4 
235 384 5 
235 385 4 
235 386 5 
235 392 4 
235 393 5 
235 394 5 
235 399 1 
235 402 5 
235 403 4 
235 404 1 
235 410 2 
235 411 3 
235 413 3 
235 423 5 
235 424 3 
235 431 4 
235 433 1 
235 434 1 
235 435 1 
235 436 5 
235 443 4 
235 447 4 
235 448 1 
235 451 4 
235 455 5 
235 462 5 
235 465 4 
235 470 1 
235 473 1 
235 474 2 
235 476 4 
235 520 2 
235 541 1 
235 542 4 
235 546 4 
235 550 1 
235 554 1 
235 561 4 
235 566 4 
235 567 1 
235 568 4 
235 569 4 
235 571 1 
235 572 1 
235 573 4 
235 576 4 
235 577 5 
235 578 5 
235 584 4 
235 587 1 
235 588 4 
235 597 3 
235 616 5 
235 625 2 
235 628 3 
235 631 4 
235 637 4 
235 640 3 
235 649 1 
235 652 5 
235 655 2 
235 659 1 
235 665 3 
235 672 2 
235 673 3 
235 675 5 
235 679 5 
235 684 4 
235 693 3 
235 696 5 
235 697 4 
235 710 3 
235 713 4 
235 715 4 
235 717 2 
235 720 3 
235 729 4 
235 732 4 
235 743 4 
235 746 4 
235 748 3 
235 751 2 
235 752 3 
235 756 3 
235 760 2 
235 762 5 
235 780 3 
235 781 4 
235 786 4 
235 790 4 
235 792 3 
235 797 5 
235 800 4 
235 820 4 
235 821 4 
235 825 3 
235 826 5 
235 831 3 
235 834 3 
235 841 1 
235 845 2 
235 862 3 
235 885 3 
235 890 3 
235 895 4 
235 924 3 
235 926 1 
235 928 4 
235 929 1 
235 943 4 
235 944 3 
235 961 4 
235 977 1 
235 983 2 
236 21 3 
236 23 3 
236 26 2 
236 38 4 
236 39 4 
236 43 5 
236 47 5 
236 65 5 
236 66 3 
236 72 5 
236 73 4 
236 83 3 
236 90 4 
236 92 3 
236 95 4 
236 96 4 
236 98 4 
236 102 3 
236 111 3 
236 125 4 
236 132 4 
236 133 5 
236 157 4 
236 159 4 
236 161 4 
236 168 4 
236 172 2 
236 174 3 
236 179 3 
236 186 4 
236 200 4 
236 204 5 
236 215 5 
236 216 3 
236 217 4 
236 218 3 
236 219 4 
236 226 4 
236 238 4 
236 265 5 
236 276 3 
236 287 4 
236 288 4 
236 313 4 
236 325 3 
236 327 4 
236 340 3 
236 347 3 
236 367 3 
236 381 3 
236 392 3 
236 400 4 
236 411 3 
236 433 4 
236 447 4 
236 454 3 
236 503 4 
236 504 4 
236 506 3 
236 537 4 
236 546 4 
236 553 3 
236 559 4 
236 568 3 
236 581 4 
236 585 3 
236 595 1 
236 628 3 
236 642 1 
236 649 5 
236 655 5 
236 658 3 
236 660 5 
236 708 4 
236 710 5 
236 715 3 
236 721 5 
236 723 1 
236 739 5 
236 742 1 
236 746 4 
236 748 3 
236 761 4 
236 762 5 
236 785 3 
236 787 4 
236 790 4 
236 794 3 
236 821 4 
236 845 3 
236 895 3 
236 974 5 
237 5 4 
237 11 5 
237 12 4 
237 14 3 
237 28 5 
237 30 4 
237 42 5 
237 47 2 
237 50 4 
237 56 4 
237 58 4 
237 65 3 
237 69 4 
237 70 3 
237 77 4 
237 79 4 
237 82 2 
237 83 3 
237 86 4 
237 87 4 
237 88 3 
237 89 4 
237 90 5 
237 91 5 
237 95 5 
237 97 4 
237 98 4 
237 99 5 
237 111 3 
237 116 4 
237 118 3 
237 124 5 
237 131 4 
237 132 4 
237 133 5 
237 134 3 
237 137 4 
237 143 4 
237 144 5 
237 145 2 
237 151 3 
237 154 4 
237 155 1 
237 161 1 
237 162 2 
237 166 3 
237 168 4 
237 170 3 
237 173 5 
237 174 4 
237 176 5 
237 179 4 
237 180 4 
237 181 4 
237 183 5 
237 185 4 
237 186 4 
237 190 4 
237 191 4 
237 195 5 
237 197 3 
237 204 4 
237 207 1 
237 208 4 
237 211 4 
237 212 2 
237 213 4 
237 214 3 
237 216 4 
237 217 5 
237 218 3 
237 219 5 
237 229 1 
237 234 4 
237 237 4 
237 238 4 
237 239 1 
237 244 2 
237 253 3 
237 254 3 
237 265 3 
237 275 3 
237 276 2 
237 281 5 
237 283 3 
237 286 3 
237 287 3 
237 288 2 
237 292 2 
237 301 3 
237 318 4 
237 378 5 
237 381 2 
237 393 5 
237 402 4 
237 404 5 
237 412 3 
237 415 3 
237 418 1 
237 419 1 
237 421 3 
237 423 4 
237 428 3 
237 432 3 
237 433 4 
237 435 4 
237 436 4 
237 447 5 
237 450 4 
237 451 4 
237 463 3 
237 466 2 
237 473 5 
237 478 3 
237 480 3 
237 482 4 
237 483 4 
237 484 4 
237 485 4 
237 496 4 
237 497 3 
237 499 4 
237 501 5 
237 507 4 
237 512 3 
237 514 4 
237 517 1 
237 518 4 
237 521 3 
237 523 3 
237 559 5 
237 566 4 
237 581 1 
237 582 1 
237 583 3 
237 584 5 
237 588 5 
237 603 3 
237 607 1 
237 614 5 
237 629 5 
237 640 2 
237 642 4 
237 651 4 
237 652 4 
237 654 4 
237 655 4 
237 657 3 
237 660 4 
237 663 1 
237 665 1 
237 672 3 
237 674 5 
237 683 5 
237 684 5 
237 692 4 
237 696 2 
237 697 5 
237 698 3 
237 699 4 
237 702 2 
237 705 4 
237 707 3 
237 708 3 
237 709 4 
237 710 3 
237 727 5 
237 730 3 
237 732 4 
237 736 1 
237 737 5 
237 739 5 
237 746 4 
237 747 4 
237 748 2 
237 753 4 
237 755 3 
237 770 3 
237 778 2 
237 781 5 
237 794 5 
237 812 5 
237 842 3 
237 843 2 
237 946 3 
237 955 5 
237 969 4 
238 15 4 
238 21 1 
238 100 2 
238 118 3 
238 121 1 
238 181 5 
238 220 5 
238 237 3 
238 245 3 
238 255 3 
238 269 3 
238 280 5 
238 286 4 
238 321 4 
238 471 3 
238 476 3 
238 815 1 
238 866 3 
239 7 1 
239 13 3 
239 14 3 
239 100 3 
239 121 3 
239 147 3 
239 237 3 
239 240 3 
239 242 4 
239 246 3 
239 257 4 
239 273 3 
239 276 3 
239 282 3 
239 285 4 
239 288 3 
239 301 4 
239 405 3 
239 475 4 
239 591 3 
239 895 3 
240 70 5 
240 171 5 
240 198 3 
240 242 5 
240 243 5 
240 271 1 
240 272 4 
240 283 5 
240 300 4 
240 310 3 
240 312 5 
240 313 5 
240 328 5 
240 329 1 
240 340 5 
240 350 5 
240 512 5 
240 515 5 
240 582 3 
240 690 5 
240 736 3 
240 749 3 
240 750 1 
240 751 1 
240 886 1 
240 904 3 
240 921 5 
240 937 5 
241 1 3 
241 7 5 
241 9 4 
241 15 3 
241 25 3 
241 121 4 
241 259 5 
241 288 3 
241 294 3 
241 683 4 
242 7 3 
242 11 3 
242 12 3 
242 14 1 
242 17 4 
242 22 3 
242 26 3 
242 27 1 
242 29 2 
242 31 2 
242 33 2 
242 38 2 
242 39 3 
242 41 2 
242 42 4 
242 44 2 
242 53 5 
242 54 3 
242 55 4 
242 56 3 
242 62 2 
242 64 4 
242 67 4 
242 68 2 
242 79 2 
242 82 3 
242 98 2 
242 100 3 
242 117 2 
242 129 3 
242 144 5 
242 150 3 
242 154 4 
242 156 3 
242 159 2 
242 161 4 
242 168 3 
242 174 3 
242 176 3 
242 177 2 
242 182 3 
242 184 5 
242 186 4 
242 195 3 
242 203 2 
242 204 4 
242 209 3 
242 210 3 
242 219 5 
242 226 2 
242 228 4 
242 229 3 
242 230 3 
242 231 2 
242 234 3 
242 240 4 
242 273 3 
242 276 2 
242 281 2 
242 286 3 
242 288 3 
242 294 3 
242 318 3 
242 342 3 
242 350 2 
242 367 2 
242 385 2 
242 401 3 
242 403 3 
242 410 3 
242 436 1 
242 449 1 
242 452 4 
242 482 5 
242 508 3 
242 546 2 
242 554 3 
242 559 2 
242 569 3 
242 572 3 
242 576 2 
242 578 2 
242 591 3 
242 628 3 
242 635 4 
242 636 4 
242 672 4 
242 684 3 
242 685 3 
242 695 3 
242 710 2 
242 746 2 
242 769 2 
242 780 2 
242 800 2 
242 810 2 
242 834 1 
242 873 3 
242 943 3 
242 975 3 
243 12 3 
243 271 4 
243 309 5 
243 313 5 
243 340 4 
243 343 4 
243 358 4 
243 644 2 
243 678 4 
243 687 4 
244 9 1 
244 50 5 
244 100 5 
244 245 3 
244 251 5 
244 258 5 
244 275 3 
244 748 1 
244 751 3 
244 906 4 
244 912 3 
244 916 4 
245 7 1 
245 9 1 
245 23 1 
245 28 1 
245 50 1 
245 55 1 
245 64 2 
245 79 1 
245 87 2 
245 100 1 
245 117 1 
245 118 2 
245 121 2 
245 123 1 
245 127 1 
245 144 2 
245 147 2 
245 150 1 
245 174 1 
245 181 1 
245 195 1 
245 203 1 
245 204 1 
245 208 1 
245 209 1 
245 221 1 
245 235 1 
245 237 1 
245 245 1 
245 246 1 
245 248 1 
245 273 1 
245 276 2 
245 291 1 
245 293 1 
245 295 1 
245 310 1 
245 313 1 
245 324 1 
245 325 2 
245 330 3 
245 333 1 
245 340 1 
245 346 1 
245 405 1 
245 408 1 
245 410 1 
245 460 1 
245 475 2 
245 479 1 
245 480 2 
245 504 1 
245 544 1 
245 591 1 
245 595 1 
245 597 1 
245 603 1 
245 628 1 
245 644 1 
245 689 1 
245 742 1 
245 744 1 
245 748 2 
245 762 1 
245 763 1 
245 818 2 
245 823 1 
245 829 2 
245 831 2 
245 840 2 
245 844 2 
245 845 2 
245 881 1 
245 886 1 
245 895 1 
245 908 1 
245 919 2 
245 959 1 
245 979 1 
246 268 3 
246 269 3 
246 270 2 
246 288 2 
246 292 2 
246 294 3 
246 301 2 
246 302 3 
246 303 2 
246 326 3 
246 327 2 
246 328 2 
246 332 3 
246 334 5 
246 359 3 
246 688 1 
246 690 3 
246 754 2 
246 883 2 
246 887 2 
246 888 2 
247 1 4 
247 5 4 
247 7 4 
247 9 5 
247 11 4 
247 17 4 
247 27 3 
247 28 4 
247 31 4 
247 55 1 
247 56 4 
247 65 4 
247 68 4 
247 69 4 
247 70 4 
247 89 4 
247 91 3 
247 96 4 
247 98 4 
247 100 4 
247 111 4 
247 117 4 
247 123 4 
247 135 3 
247 144 4 
247 147 4 
247 148 4 
247 150 4 
247 151 3 
247 153 4 
247 156 4 
247 157 4 
247 158 1 
247 174 4 
247 176 4 
247 180 5 
247 183 4 
247 204 5 
247 206 4 
247 209 4 
247 218 4 
247 222 4 
247 227 4 
247 231 4 
247 233 3 
247 234 4 
247 248 4 
247 252 4 
247 260 4 
247 281 4 
247 284 4 
247 286 4 
247 288 4 
247 290 4 
247 293 4 
247 298 5 
247 300 4 
247 367 3 
247 405 4 
247 410 4 
247 435 5 
247 447 3 
247 469 4 
247 470 3 
247 483 4 
247 484 4 
247 498 5 
247 544 1 
247 546 4 
247 559 4 
247 582 4 
247 591 4 
247 597 4 
247 629 5 
247 642 5 
247 678 4 
247 742 4 
247 748 4 
247 760 4 
247 815 4 
247 823 5 
247 845 4 
247 866 4 
247 926 4 
247 963 4 
247 981 4 
248 262 4 
248 268 3 
248 269 3 
248 271 3 
248 286 3 
248 292 3 
248 301 1 
248 303 3 
248 305 3 
248 307 3 
248 319 4 
248 321 5 
248 327 3 
248 333 1 
248 338 3 
248 340 3 
248 344 4 
248 750 3 
248 884 1 
248 896 3 
248 900 3 
248 902 5 
249 9 1 
249 15 4 
249 59 4 
249 60 5 
249 61 4 
249 100 5 
249 117 5 
249 118 3 
249 122 5 
249 127 2 
249 137 5 
249 170 1 
249 171 1 
249 179 3 
249 212 4 
249 224 5 
249 248 1 
249 251 3 
249 269 3 
249 273 3 
249 276 3 
249 285 1 
249 286 3 
249 288 5 
249 291 3 
249 293 2 
249 310 1 
249 337 3 
249 381 3 
249 410 2 
249 459 5 
249 473 2 
249 546 5 
249 558 3 
249 742 1 
249 748 1 
249 753 2 
249 763 4 
249 936 2 
249 983 5 
250 1 4 
250 2 4 
250 3 4 
250 4 1 
250 7 2 
250 10 4 
250 12 5 
250 13 5 
250 15 1 
250 26 4 
250 28 4 
250 29 4 
250 35 4 
250 38 4 
250 39 4 
250 49 4 
250 51 4 
250 54 3 
250 56 5 
250 58 4 
250 60 4 
250 64 3 
250 65 5 
250 66 4 
250 67 5 
250 70 4 
250 71 4 
250 73 4 
250 77 5 
250 79 4 
250 80 4 
250 81 4 
250 82 4 
250 83 4 
250 86 4 
250 87 4 
250 88 4 
250 89 5 
250 90 4 
250 92 4 
250 94 4 
250 95 4 
250 97 5 
250 98 2 
250 99 5 
250 100 4 
250 101 3 
250 110 4 
250 112 4 
250 114 4 
250 117 4 
250 121 4 
250 123 4 
250 125 3 
250 126 2 
250 127 4 
250 131 4 
250 132 4 
250 133 5 
250 134 4 
250 135 5 
250 136 4 
250 139 5 
250 141 4 
250 142 5 
250 143 4 
250 144 4 
250 145 4 
250 152 4 
250 153 4 
250 154 3 
250 155 4 
250 157 4 
250 158 4 
250 161 4 
250 162 5 
250 163 4 
250 164 4 
250 166 3 
250 167 4 
250 168 4 
250 169 5 
250 173 4 
250 174 4 
250 176 3 
250 177 4 
250 179 4 
250 180 4 
250 182 4 
250 183 3 
250 185 3 
250 187 3 
250 191 4 
250 192 4 
250 193 3 
250 194 5 
250 195 4 
250 196 2 
250 197 4 
250 199 4 
250 200 4 
250 202 4 
250 203 4 
250 204 4 
250 205 3 
250 207 2 
250 208 4 
250 210 4 
250 211 4 
250 215 4 
250 216 4 
250 218 4 
250 222 4 
250 223 3 
250 225 4 
250 226 4 
250 227 4 
250 229 4 
250 231 4 
250 233 4 
250 237 4 
250 238 1 
250 239 4 
250 241 4 
250 245 4 
250 252 4 
250 254 3 
250 258 4 
250 264 4 
250 265 1 
250 269 4 
250 270 5 
250 272 4 
250 274 4 
250 275 2 
250 277 5 
250 278 4 
250 280 3 
250 281 4 
250 282 5 
250 283 5 
250 288 4 
250 290 3 
250 292 5 
250 294 4 
250 299 5 
250 300 4 
250 301 4 
250 302 5 
250 304 3 
250 305 4 
250 310 5 
250 311 5 
250 312 1 
250 313 4 
250 315 4 
250 316 2 
250 328 3 
250 332 1 
250 340 4 
250 354 2 
250 357 4 
250 367 4 
250 371 4 
250 373 4 
250 378 4 
250 380 4 
250 381 2 
250 382 4 
250 383 4 
250 384 4 
250 385 4 
250 387 4 
250 393 4 
250 395 5 
250 396 5 
250 400 4 
250 401 4 
250 402 4 
250 414 5 
250 416 4 
250 417 4 
250 418 4 
250 419 3 
250 421 5 
250 422 5 
250 428 4 
250 431 4 
250 432 5 
250 433 4 
250 434 4 
250 435 4 
250 443 4 
250 448 4 
250 451 4 
250 455 3 
250 462 5 
250 465 5 
250 467 4 
250 469 4 
250 470 4 
250 471 4 
250 472 4 
250 474 5 
250 476 4 
250 477 4 
250 478 5 
250 479 4 
250 480 5 
250 481 4 
250 482 5 
250 483 4 
250 484 3 
250 487 4 
250 488 4 
250 490 5 
250 491 4 
250 493 5 
250 494 3 
250 495 4 
250 496 3 
250 497 4 
250 499 4 
250 500 2 
250 502 4 
250 503 4 
250 505 3 
250 506 3 
250 507 4 
250 509 4 
250 510 4 
250 511 4 
250 514 4 
250 518 4 
250 520 5 
250 523 5 
250 525 4 
250 526 4 
250 527 3 
250 528 4 
250 530 4 
250 535 4 
250 549 4 
250 550 4 
250 553 4 
250 557 4 
250 558 3 
250 559 4 
250 561 2 
250 566 4 
250 568 4 
250 570 5 
250 582 4 
250 583 4 
250 589 4 
250 591 4 
250 602 4 
250 604 4 
250 606 4 
250 607 1 
250 608 5 
250 609 5 
250 610 4 
250 611 4 
250 612 3 
250 613 4 
250 614 5 
250 618 4 
250 620 4 
250 622 4 
250 629 4 
250 630 4 
250 631 4 
250 632 4 
250 633 5 
250 637 2 
250 642 4 
250 647 4 
250 648 3 
250 650 4 
250 651 3 
250 655 2 
250 657 4 
250 659 3 
250 660 4 
250 661 2 
250 663 1 
250 673 4 
250 679 5 
250 685 3 
250 686 5 
250 689 3 
250 692 4 
250 693 4 
250 700 4 
250 704 4 
250 705 4 
250 707 5 
250 708 4 
250 709 5 
250 710 4 
250 712 4 
250 714 3 
250 715 4 
250 716 4 
250 717 1 
250 723 5 
250 727 4 
250 728 4 
250 729 1 
250 731 5 
250 735 4 
250 736 4 
250 742 4 
250 747 3 
250 748 4 
250 751 4 
250 761 1 
250 762 4 
250 765 3 
250 771 5 
250 774 5 
250 775 4 
250 778 4 
250 783 4 
250 785 3 
250 790 3 
250 792 5 
250 794 4 
250 801 4 
250 807 4 
250 815 5 
250 821 5 
250 823 5 
250 832 5 
250 837 5 
250 842 4 
250 845 4 
250 846 1 
250 847 4 
250 865 4 
250 869 4 
250 873 3 
250 878 1 
250 900 5 
250 902 5 
250 904 4 
250 905 3 
250 908 4 
250 921 3 
250 923 4 
250 926 4 
250 928 5 
250 934 4 
250 936 4 
250 939 4 
250 940 5 
250 942 4 
250 951 1 
250 956 5 
250 965 4 
250 966 4 
250 967 4 
250 969 5 
251 242 2 
251 243 2 
251 259 2 
251 260 2 
251 262 4 
251 268 3 
251 269 2 
251 270 3 
251 286 2 
251 288 1 
251 289 1 
251 292 3 
251 294 3 
251 299 3 
251 300 3 
251 301 1 
251 303 3 
251 305 5 
251 307 2 
251 308 3 
251 319 5 
251 322 3 
251 323 5 
251 325 4 
251 327 3 
251 328 3 
251 329 2 
251 330 1 
251 331 3 
251 332 5 
251 333 5 
251 336 1 
251 337 2 
251 359 1 
251 360 3 
251 457 1 
251 680 2 
251 681 2 
251 682 2 
251 687 5 
251 749 2 
251 872 2 
251 874 3 
251 875 3 
251 877 5 
251 879 3 
251 880 5 
251 881 1 
251 882 1 
251 883 2 
251 884 1 
251 937 1 
251 938 2 
251 984 2 
251 989 1 
251 991 1 
251 995 2 
252 7 4 
252 8 4 
252 14 4 
252 22 4 
252 25 4 
252 27 5 
252 45 1 
252 48 4 
252 52 4 
252 58 3 
252 60 4 
252 61 4 
252 62 4 
252 64 4 
252 66 3 
252 69 4 
252 70 4 
252 73 4 
252 86 3 
252 88 4 
252 89 4 
252 96 4 
252 97 4 
252 99 4 
252 111 4 
252 121 4 
252 124 3 
252 127 4 
252 132 3 
252 134 4 
252 135 4 
252 136 4 
252 143 4 
252 152 2 
252 154 4 
252 156 3 
252 161 4 
252 162 4 
252 163 4 
252 168 4 
252 170 4 
252 171 4 
252 173 4 
252 174 4 
252 180 4 
252 181 4 
252 183 3 
252 185 3 
252 186 4 
252 187 4 
252 188 4 
252 191 2 
252 194 4 
252 195 4 
252 197 4 
252 201 4 
252 202 5 
252 203 4 
252 204 4 
252 207 2 
252 212 4 
252 216 4 
252 234 4 
252 237 4 
252 243 4 
252 245 4 
252 259 4 
252 269 4 
252 276 4 
252 286 4 
252 294 4 
252 318 4 
252 371 4 
252 384 4 
252 404 5 
252 418 3 
252 419 4 
252 420 4 
252 423 4 
252 427 4 
252 430 4 
252 432 3 
252 435 4 
252 443 4 
252 455 4 
252 458 5 
252 461 4 
252 462 4 
252 465 3 
252 467 3 
252 472 3 
252 479 4 
252 482 4 
252 483 4 
252 485 1 
252 488 1 
252 491 4 
252 492 3 
252 494 4 
252 495 3 
252 496 3 
252 498 4 
252 502 4 
252 506 4 
252 510 4 
252 513 4 
252 517 3 
252 518 4 
252 521 4 
252 523 4 
252 526 3 
252 530 3 
252 531 3 
252 554 5 
252 576 1 
252 588 5 
252 597 4 
252 603 4 
252 609 4 
252 614 4 
252 615 4 
252 624 1 
252 631 4 
252 636 1 
252 641 4 
252 648 4 
252 654 4 
252 659 3 
252 660 3 
252 684 3 
252 729 4 
252 736 4 
252 780 4 
252 781 4 
252 792 4 
252 805 3 
252 815 1 
252 863 5 
252 874 5 
252 924 3 
252 947 4 
252 969 4 
252 971 4 
253 3 4 
253 4 4 
253 7 4 
253 9 3 
253 11 3 
253 12 3 
253 17 3 
253 22 3 
253 24 3 
253 33 4 
253 42 3 
253 48 3 
253 49 3 
253 50 4 
253 53 3 
253 59 3 
253 68 3 
253 69 3 
253 73 3 
253 79 3 
253 80 3 
253 93 3 
253 94 1 
253 97 3 
253 98 4 
253 100 4 
253 117 3 
253 122 4 
253 125 4 
253 132 4 
253 143 5 
253 154 3 
253 156 3 
253 157 3 
253 158 2 
253 164 4 
253 168 3 
253 172 4 
253 174 3 
253 181 4 
253 186 3 
253 188 3 
253 196 3 
253 204 3 
253 210 3 
253 231 3 
253 233 4 
253 238 4 
253 239 4 
253 246 4 
253 248 4 
253 254 3 
253 258 3 
253 268 3 
253 276 4 
253 288 4 
253 298 4 
253 318 3 
253 354 3 
253 356 3 
253 357 3 
253 364 3 
253 367 3 
253 369 4 
253 384 3 
253 385 4 
253 393 3 
253 401 2 
253 402 3 
253 410 3 
253 412 3 
253 416 3 
253 421 3 
253 423 3 
253 424 5 
253 427 4 
253 456 5 
253 471 1 
253 475 4 
253 476 4 
253 496 4 
253 508 3 
253 509 3 
253 515 4 
253 550 4 
253 552 3 
253 566 3 
253 568 4 
253 578 3 
253 586 3 
253 591 4 
253 628 1 
253 651 3 
253 655 4 
253 684 3 
253 693 3 
253 697 4 
253 717 4 
253 721 4 
253 742 3 
253 871 3 
253 959 3 
253 963 3 
253 975 3 
254 1 2 
254 11 2 
254 12 2 
254 15 2 
254 22 2 
254 28 2 
254 50 2 
254 51 2 
254 55 2 
254 56 2 
254 58 2 
254 66 3 
254 69 2 
254 70 2 
254 73 2 
254 76 2 
254 77 2 
254 79 2 
254 82 3 
254 87 2 
254 88 2 
254 89 2 
254 96 2 
254 97 2 
254 98 2 
254 99 2 
254 100 2 
254 107 3 
254 114 3 
254 117 2 
254 118 2 
254 121 2 
254 124 2 
254 131 2 
254 133 2 
254 134 2 
254 136 2 
254 143 2 
254 144 2 
254 153 2 
254 161 3 
254 162 2 
254 164 2 
254 169 2 
254 172 2 
254 173 2 
254 174 2 
254 181 2 
254 182 2 
254 185 2 
254 191 2 
254 195 2 
254 196 2 
254 197 2 
254 199 2 
254 202 2 
254 203 2 
254 204 2 
254 210 2 
254 211 2 
254 215 3 
254 222 2 
254 228 2 
254 234 2 
254 237 2 
254 245 2 
254 248 2 
254 250 2 
254 255 3 
254 257 2 
254 258 2 
254 259 3 
254 260 2 
254 270 3 
254 272 2 
254 277 3 
254 279 3 
254 286 2 
254 289 1 
254 293 2 
254 300 2 
254 310 2 
254 315 2 
254 316 2 
254 317 2 
254 318 2 
254 322 2 
254 323 4 
254 326 2 
254 356 2 
254 357 2 
254 378 2 
254 385 2 
254 392 2 
254 414 2 
254 418 2 
254 419 2 
254 423 2 
254 427 2 
254 431 2 
254 434 2 
254 435 2 
254 451 2 
254 465 3 
254 468 3 
254 474 2 
254 478 2 
254 479 2 
254 482 2 
254 483 2 
254 484 2 
254 485 2 
254 487 2 
254 490 2 
254 492 2 
254 493 2 
254 496 2 
254 497 2 
254 507 2 
254 509 2 
254 519 2 
254 520 2 
254 526 2 
254 528 2 
254 531 2 
254 566 2 
254 568 2 
254 603 2 
254 605 3 
254 607 2 
254 610 2 
254 612 3 
254 614 2 
254 627 2 
254 631 2 
254 633 3 
254 642 2 
254 649 2 
254 651 2 
254 654 2 
254 655 2 
254 657 2 
254 659 2 
254 660 2 
254 661 2 
254 678 4 
254 685 2 
254 686 2 
254 692 2 
254 693 2 
254 694 2 
254 705 2 
254 707 2 
254 724 3 
254 735 2 
254 736 2 
254 740 3 
254 742 2 
254 746 3 
254 836 3 
254 837 3 
254 842 5 
254 873 3 
254 875 3 
254 879 3 
254 939 2 
254 945 2 
254 956 2 
254 968 2 
255 1 3 
255 2 1 
255 4 3 
255 7 3 
255 8 4 
255 9 3 
255 12 3 
255 14 3 
255 17 3 
255 20 3 
255 24 4 
255 25 3 
255 31 4 
255 39 3 
255 40 4 
255 42 3 
255 44 3 
255 47 3 
255 53 2 
255 56 4 
255 57 1 
255 58 4 
255 64 4 
255 69 4 
255 70 4 
255 71 4 
255 87 3 
255 95 4 
255 96 3 
255 97 4 
255 98 3 
255 100 3 
255 118 3 
255 123 3 
255 125 3 
255 126 4 
255 127 3 
255 135 3 
255 148 3 
255 161 4 
255 170 3 
255 174 4 
255 176 3 
255 191 4 
255 196 4 
255 197 3 
255 204 4 
255 214 2 
255 217 2 
255 222 3 
255 223 3 
255 228 3 
255 234 4 
255 237 4 
255 241 2 
255 245 4 
255 252 2 
255 255 1 
255 257 4 
255 265 3 
255 270 4 
255 275 3 
255 276 3 
255 277 4 
255 279 4 
255 281 3 
255 282 4 
255 288 3 
255 289 1 
255 291 3 
255 292 4 
255 293 3 
255 300 4 
255 301 4 
255 304 3 
255 307 4 
255 313 4 
255 317 3 
255 318 4 
255 321 4 
255 323 4 
255 334 4 
255 343 5 
255 380 3 
255 382 3 
255 393 1 
255 402 4 
255 405 4 
255 423 4 
255 428 1 
255 447 4 
255 455 3 
255 462 3 
255 465 3 
255 471 4 
255 475 4 
255 504 4 
255 508 3 
255 511 3 
255 515 4 
255 518 4 
255 529 2 
255 531 4 
255 582 4 
255 584 4 
255 591 4 
255 597 4 
255 627 2 
255 628 4 
255 629 3 
255 647 4 
255 660 3 
255 678 4 
255 692 4 
255 694 2 
255 709 4 
255 724 3 
255 727 3 
255 738 3 
255 747 5 
255 755 4 
255 778 3 
255 898 3 
255 934 4 
255 939 3 
256 1 4 
256 3 3 
256 4 4 
256 9 4 
256 12 4 
256 13 4 
256 22 4 
256 23 4 
256 32 3 
256 42 4 
256 46 4 
256 50 4 
256 53 3 
256 54 3 
256 57 4 
256 60 1 
256 61 4 
256 68 3 
256 69 4 
256 71 4 
256 79 3 
256 80 2 
256 86 3 
256 91 4 
256 92 3 
256 95 4 
256 97 4 
256 100 4 
256 101 3 
256 111 4 
256 121 4 
256 125 4 
256 127 4 
256 133 4 
256 135 4 
256 143 3 
256 161 4 
256 168 4 
256 170 4 
256 172 4 
256 174 4 
256 175 4 
256 177 4 
256 179 3 
256 181 4 
256 182 3 
256 185 3 
256 186 4 
256 187 4 
256 188 3 
256 194 4 
256 196 4 
256 197 4 
256 200 3 
256 202 3 
256 210 4 
256 211 4 
256 218 4 
256 222 4 
256 226 3 
256 228 4 
256 231 4 
256 232 4 
256 234 4 
256 238 3 
256 268 2 
256 273 3 
256 274 4 
256 282 4 
256 286 4 
256 294 4 
256 325 3 
256 346 4 
256 357 3 
256 366 4 
256 369 4 
256 380 4 
256 403 3 
256 410 2 
256 414 4 
256 419 5 
256 421 3 
256 423 4 
256 427 4 
256 431 3 
256 432 3 
256 433 4 
256 443 4 
256 448 3 
256 449 3 
256 452 3 
256 460 3 
256 461 4 
256 462 4 
256 474 4 
256 475 4 
256 479 4 
256 484 4 
256 490 4 
256 498 4 
256 505 3 
256 506 4 
256 508 4 
256 523 4 
256 546 5 
256 559 5 
256 568 3 
256 578 5 
256 581 4 
256 582 3 
256 603 4 
256 608 4 
256 616 4 
256 640 4 
256 655 4 
256 658 4 
256 660 4 
256 662 5 
256 672 4 
256 673 3 
256 693 4 
256 696 1 
256 708 3 
256 710 3 
256 715 4 
256 720 3 
256 721 3 
256 737 3 
256 743 3 
256 763 3 
256 789 4 
256 806 1 
256 818 4 
256 845 3 
256 864 1 
256 919 4 
256 922 3 
256 933 4 
256 943 4 
256 955 4 
256 959 4 
256 963 4 
256 979 4 
256 985 4 
257 4 4 
257 7 4 
257 8 5 
257 9 4 
257 11 4 
257 12 5 
257 14 4 
257 15 4 
257 20 4 
257 27 4 
257 31 2 
257 38 3 
257 44 5 
257 45 5 
257 48 4 
257 50 5 
257 51 3 
257 52 5 
257 53 4 
257 54 4 
257 56 4 
257 57 3 
257 58 4 
257 59 3 
257 62 3 
257 64 3 
257 65 5 
257 66 3 
257 70 4 
257 77 4 
257 79 4 
257 82 4 
257 83 5 
257 86 4 
257 89 3 
257 91 2 
257 94 4 
257 96 4 
257 97 4 
257 100 5 
257 105 1 
257 114 4 
257 117 4 
257 118 3 
257 122 4 
257 127 4 
257 132 4 
257 134 5 
257 137 1 
257 143 4 
257 144 2 
257 148 4 
257 151 4 
257 155 3 
257 156 5 
257 157 4 
257 161 4 
257 162 4 
257 164 4 
257 168 5 
257 172 4 
257 173 1 
257 174 5 
257 176 4 
257 180 4 
257 181 4 
257 182 3 
257 183 4 
257 185 4 
257 186 1 
257 190 5 
257 191 4 
257 192 1 
257 193 4 
257 194 1 
257 195 2 
257 196 4 
257 197 2 
257 200 4 
257 203 5 
257 204 4 
257 209 4 
257 214 3 
257 215 4 
257 216 4 
257 218 4 
257 219 1 
257 226 1 
257 229 3 
257 230 3 
257 231 3 
257 232 3 
257 234 2 
257 235 4 
257 237 4 
257 239 4 
257 240 3 
257 241 3 
257 243 3 
257 248 4 
257 257 4 
257 258 4 
257 265 4 
257 282 3 
257 285 3 
257 288 4 
257 304 4 
257 318 5 
257 357 4 
257 366 2 
257 370 4 
257 372 4 
257 373 5 
257 378 5 
257 380 5 
257 385 4 
257 393 1 
257 395 4 
257 401 4 
257 402 4 
257 403 2 
257 405 4 
257 410 4 
257 411 3 
257 412 4 
257 417 1 
257 425 4 
257 428 5 
257 436 5 
257 443 4 
257 448 4 
257 450 5 
257 452 4 
257 453 3 
257 455 3 
257 456 3 
257 458 4 
257 462 3 
257 469 5 
257 470 4 
257 471 4 
257 472 4 
257 473 4 
257 474 3 
257 476 4 
257 483 4 
257 500 1 
257 507 5 
257 509 5 
257 527 4 
257 529 5 
257 531 4 
257 540 4 
257 546 3 
257 549 4 
257 553 4 
257 559 4 
257 566 3 
257 568 4 
257 582 5 
257 584 4 
257 588 2 
257 597 4 
257 623 1 
257 628 4 
257 629 2 
257 631 3 
257 632 4 
257 636 4 
257 640 4 
257 651 5 
257 655 4 
257 658 4 
257 664 4 
257 673 4 
257 679 4 
257 692 3 
257 699 4 
257 704 4 
257 708 3 
257 709 2 
257 717 3 
257 720 4 
257 722 4 
257 727 4 
257 729 4 
257 732 3 
257 739 4 
257 742 4 
257 744 1 
257 747 4 
257 755 3 
257 756 2 
257 758 3 
257 769 5 
257 770 1 
257 775 5 
257 783 3 
257 792 4 
257 819 5 
257 825 3 
257 841 2 
257 845 4 
257 871 2 
257 931 4 
257 934 4 
257 948 4 
257 949 4 
257 959 4 
257 980 4 
258 8 5 
258 9 1 
258 12 3 
258 13 3 
258 14 5 
258 20 3 
258 23 5 
258 25 5 
258 28 5 
258 32 4 
258 48 3 
258 50 1 
258 57 1 
258 58 4 
258 86 4 
258 96 3 
258 98 2 
258 117 4 
258 121 3 
258 124 5 
258 126 5 
258 127 5 
258 129 4 
258 134 4 
258 143 4 
258 144 2 
258 147 4 
258 152 4 
258 169 5 
258 174 5 
258 178 1 
258 179 4 
258 180 5 
258 181 5 
258 182 4 
258 183 3 
258 189 5 
258 190 5 
258 191 2 
258 192 1 
258 193 4 
258 195 1 
258 203 4 
258 208 4 
258 209 5 
258 234 5 
258 237 1 
258 238 5 
258 245 5 
258 250 3 
258 255 5 
258 273 4 
258 278 3 
258 282 3 
258 283 3 
258 284 5 
258 285 5 
258 286 3 
258 287 4 
258 288 1 
258 293 4 
258 298 4 
258 301 5 
258 304 4 
258 307 2 
258 317 1 
258 318 5 
258 319 3 
258 321 3 
258 330 5 
258 333 5 
258 346 5 
258 357 1 
258 387 3 
258 405 2 
258 408 5 
258 410 3 
258 423 5 
258 425 1 
258 427 4 
258 430 1 
258 467 3 
258 469 4 
258 473 1 
258 474 1 
258 496 1 
258 509 4 
258 514 4 
258 517 3 
258 521 4 
258 526 5 
258 529 5 
258 530 3 
258 546 2 
258 582 3 
258 588 5 
258 589 3 
258 591 4 
258 597 5 
258 603 5 
258 632 3 
258 644 5 
258 648 5 
258 651 5 
258 654 1 
258 663 5 
258 685 2 
258 694 5 
258 696 4 
258 704 4 
258 709 5 
258 717 1 
258 736 3 
258 742 3 
258 750 5 
258 753 4 
258 792 5 
258 844 5 
258 847 4 
258 896 4 
258 925 3 
258 939 3 
258 952 5 
258 956 5 
258 980 4 
259 1 4 
259 3 3 
259 7 4 
259 8 4 
259 15 5 
259 16 5 
259 19 1 
259 22 5 
259 25 5 
259 100 4 
259 108 5 
259 111 3 
259 117 3 
259 120 5 
259 121 5 
259 123 4 
259 134 4 
259 147 3 
259 148 3 
259 164 4 
259 172 4 
259 174 4 
259 181 4 
259 194 2 
259 216 4 
259 220 3 
259 222 4 
259 225 3 
259 230 4 
259 245 3 
259 249 3 
259 250 3 
259 255 3 
259 258 1 
259 264 3 
259 278 2 
259 282 3 
259 286 3 
259 289 3 
259 291 4 
259 295 3 
259 300 4 
259 301 1 
259 322 2 
259 323 4 
259 328 3 
259 332 3 
259 333 3 
259 336 5 
259 357 4 
259 358 3 
259 411 3 
259 472 3 
259 473 5 
259 523 3 
259 546 2 
259 568 4 
259 596 5 
259 597 3 
259 651 4 
259 676 3 
259 678 5 
259 685 5 
259 687 2 
259 742 3 
259 748 2 
259 815 3 
259 825 3 
259 827 3 
259 832 5 
259 846 1 
259 864 4 
259 866 3 
259 873 3 
259 879 3 
259 934 1 
259 969 5 
259 978 4 
259 989 5 
260 1 4 
260 7 4 
260 10 4 
260 14 4 
260 20 4 
260 117 4 
260 127 4 
260 129 4 
260 146 4 
260 221 4 
260 224 4 
260 242 4 
260 248 3 
260 250 4 
260 253 5 
260 257 3 
260 258 4 
260 273 4 
260 275 4 
260 276 4 
260 279 4 
260 286 4 
260 289 4 
260 294 3 
260 297 3 
260 301 4 
260 302 4 
260 303 4 
260 307 4 
260 311 3 
260 322 4 
260 327 4 
260 458 4 
260 515 5 
260 532 4 
260 591 4 
260 676 2 
260 713 4 
260 744 4 
261 121 4 
261 158 3 
261 242 4 
261 255 3 
261 269 4 
261 285 4 
261 302 4 
261 304 3 
261 319 3 
261 347 5 
261 682 5 
262 11 5 
262 22 5 
262 100 5 
262 136 2 
262 237 4 
262 259 4 
262 271 3 
262 288 3 
262 289 4 
262 292 4 
262 300 4 
262 313 2 
262 321 1 
262 332 3 
262 358 4 
262 678 2 
262 682 5 
262 866 2 
262 895 3 
263 3 1 
263 7 3 
263 10 3 
263 14 3 
263 15 3 
263 20 2 
263 24 3 
263 50 3 
263 93 3 
263 100 3 
263 103 2 
263 107 3 
263 112 2 
263 116 2 
263 117 3 
263 121 3 
263 124 3 
263 126 3 
263 127 3 
263 137 3 
263 147 3 
263 149 2 
263 150 3 
263 151 3 
263 221 3 
263 224 4 
263 225 3 
263 235 3 
263 242 3 
263 243 3 
263 244 3 
263 248 4 
263 249 4 
263 250 3 
263 253 5 
263 257 3 
263 258 3 
263 268 3 
263 270 3 
263 274 3 
263 282 3 
263 283 2 
263 284 3 
263 285 3 
263 288 4 
263 301 3 
263 304 3 
263 306 2 
263 311 3 
263 319 3 
263 347 4 
263 362 1 
263 455 2 
263 472 3 
263 473 2 
263 475 3 
263 477 2 
263 508 3 
263 544 4 
263 593 2 
263 596 3 
263 597 3 
263 689 1 
263 741 3 
263 744 2 
263 751 1 
263 819 2 
263 845 3 
263 864 1 
263 870 2 
263 880 2 
263 887 3 
263 926 5 
263 930 2 
263 950 1 
263 952 2 
263 988 1 
263 993 3 
264 16 4 
264 116 4 
264 176 3 
264 181 2 
264 194 1 
264 248 3 
264 258 4 
264 260 4 
264 269 4 
264 286 4 
264 289 1 
264 293 5 
264 298 4 
264 300 3 
264 301 3 
264 321 3 
264 322 4 
264 328 3 
264 333 3 
264 358 4 
264 482 5 
264 603 5 
264 678 3 
264 705 5 
264 709 4 
264 748 3 
264 879 3 
265 1 4 
265 7 4 
265 8 4 
265 12 4 
265 22 4 
265 28 4 
265 32 4 
265 56 3 
265 64 4 
265 87 4 
265 97 2 
265 100 3 
265 109 3 
265 114 3 
265 132 3 
265 134 3 
265 136 3 
265 143 5 
265 154 4 
265 169 4 
265 172 4 
265 174 4 
265 175 3 
265 179 1 
265 180 3 
265 181 4 
265 190 3 
265 191 3 
265 194 4 
265 198 5 
265 199 3 
265 202 4 
265 257 2 
265 258 4 
265 283 3 
265 286 3 
265 300 3 
265 318 3 
265 319 4 
265 395 4 
265 404 4 
265 423 4 
265 428 4 
265 474 3 
265 475 3 
265 478 3 
265 481 2 
265 496 4 
265 529 3 
265 584 4 
265 588 3 
265 603 3 
265 615 3 
265 638 3 
265 651 3 
265 656 4 
265 705 4 
265 855 3 
266 2 4 
266 11 4 
266 22 4 
266 24 4 
266 27 5 
266 50 2 
266 55 5 
266 56 5 
266 62 5 
266 79 4 
266 87 4 
266 89 4 
266 95 1 
266 96 4 
266 98 5 
266 117 4 
266 127 5 
266 128 4 
266 144 2 
266 174 5 
266 181 3 
266 182 5 
266 183 4 
266 184 5 
266 187 5 
266 188 5 
266 210 4 
266 231 4 
266 232 4 
266 258 3 
266 265 4 
266 268 4 
266 269 3 
266 273 5 
266 288 3 
266 292 4 
266 294 3 
266 302 5 
266 306 4 
266 308 4 
266 313 4 
266 315 4 
266 321 4 
266 324 5 
266 326 5 
266 327 4 
266 328 3 
266 331 4 
266 333 1 
266 334 4 
266 346 5 
266 349 3 
266 350 3 
266 354 3 
266 357 4 
266 385 3 
266 405 4 
266 455 4 
266 518 4 
266 546 4 
266 550 1 
266 566 4 
266 568 4 
266 651 1 
266 682 4 
266 748 5 
266 873 4 
266 882 4 
266 885 4 
266 898 3 
266 902 3 
266 908 3 
266 995 3 
267 7 3 
267 10 4 
267 24 4 
267 50 3 
267 93 5 
267 100 4 
267 108 4 
267 109 4 
267 150 4 
267 240 4 
267 246 4 
267 248 4 
267 249 3 
267 264 4 
267 268 4 
267 269 4 
267 273 1 
267 276 4 
267 298 5 
267 327 4 
267 340 1 
267 455 4 
267 475 3 
267 742 3 
267 762 5 
267 919 5 
268 1 4 
268 4 3 
268 7 3 
268 8 4 
268 13 1 
268 15 2 
268 19 4 
268 22 5 
268 23 3 
268 25 3 
268 31 3 
268 39 5 
268 42 5 
268 47 4 
268 51 5 
268 56 3 
268 58 4 
268 69 3 
268 70 2 
268 71 4 
268 95 5 
268 96 5 
268 97 3 
268 98 4 
268 100 4 
268 111 3 
268 116 4 
268 118 3 
268 121 4 
268 126 4 
268 132 3 
268 137 3 
268 144 5 
268 150 3 
268 153 4 
268 157 3 
268 159 3 
268 160 3 
268 170 3 
268 172 4 
268 173 4 
268 178 3 
268 180 4 
268 181 4 
268 182 4 
268 191 4 
268 192 3 
268 195 5 
268 200 3 
268 209 4 
268 214 3 
268 216 4 
268 222 3 
268 238 4 
268 246 3 
268 251 4 
268 257 4 
268 258 3 
268 273 2 
268 283 1 
268 285 5 
268 293 4 
268 294 4 
268 297 4 
268 318 4 
268 321 3 
268 357 3 
268 367 2 
268 377 3 
268 405 3 
268 411 2 
268 423 4 
268 427 4 
268 428 4 
268 435 5 
268 462 3 
268 469 5 
268 471 1 
268 475 3 
268 498 5 
268 507 4 
268 529 3 
268 544 2 
268 582 3 
268 603 3 
268 612 4 
268 642 2 
268 655 4 
268 662 3 
268 692 4 
268 699 4 
268 724 4 
268 742 4 
268 826 3 
268 856 5 
268 926 4 
268 952 2 
269 64 4 
269 65 5 
269 127 5 
269 134 5 
269 136 5 
269 153 5 
269 194 5 
269 199 5 
269 215 5 
269 286 5 
269 306 4 
269 483 5 
269 484 5 
269 490 5 
269 495 5 
269 507 5 
269 511 5 
269 520 5 
269 530 5 
269 582 5 
269 605 5 
269 610 5 
269 611 5 
269 641 5 
269 654 5 
269 656 5 
269 705 5 
269 855 5 
269 923 5 
270 1 3 
270 7 3 
270 9 3 
270 13 3 
270 19 2 
270 50 3 
270 93 3 
270 100 3 
270 118 3 
270 125 3 
270 150 3 
270 181 3 
270 221 3 
270 235 2 
270 248 3 
270 257 2 
270 258 3 
270 276 3 
270 283 3 
270 284 3 
270 285 3 
270 286 3 
270 293 3 
270 294 3 
270 295 2 
270 360 2 
270 458 2 
270 471 2 
270 475 3 
270 508 3 
270 544 4 
270 546 3 
270 813 2 
270 824 2 
270 919 4 
270 950 5 
270 952 2 
271 1 1 
271 8 4 
271 50 4 
271 94 2 
271 95 4 
271 99 3 
271 140 5 
271 225 5 
271 404 1 
271 418 4 
271 477 5 
271 501 2 
271 596 5 
271 768 4 
271 878 5 
271 932 5 
271 969 5 
272 1 4 
272 2 4 
272 3 5 
272 4 5 
272 7 4 
272 11 4 
272 12 4 
272 21 4 
272 24 4 
272 27 4 
272 28 5 
272 29 4 
272 33 5 
272 38 4 
272 41 4 
272 43 4 
272 49 4 
272 51 4 
272 56 5 
272 63 5 
272 64 4 
272 66 4 
272 68 4 
272 69 4 
272 71 5 
272 72 4 
272 73 4 
272 78 4 
272 79 4 
272 80 4 
272 82 4 
272 88 4 
272 90 4 
272 94 4 
272 97 5 
272 99 4 
272 101 4 
272 109 4 
272 117 4 
272 118 4 
272 120 4 
272 121 5 
272 122 4 
272 123 4 
272 132 4 
272 135 1 
272 141 4 
272 151 4 
272 161 4 
272 168 4 
272 172 3 
272 173 4 
272 174 4 
272 175 4 
272 177 5 
272 181 4 
272 183 1 
272 185 4 
272 186 4 
272 193 5 
272 195 4 
272 196 4 
272 204 4 
272 210 4 
272 215 4 
272 217 4 
272 218 4 
272 226 4 
272 228 5 
272 229 4 
272 232 4 
272 233 4 
272 234 5 
272 239 4 
272 240 4 
272 250 4 
272 254 4 
272 255 3 
272 258 4 
272 260 4 
272 271 4 
272 288 4 
272 313 4 
272 318 4 
272 323 4 
272 343 4 
272 355 4 
272 358 3 
272 362 4 
272 365 4 
272 368 5 
272 370 4 
272 373 5 
272 374 4 
272 375 4 
272 378 4 
272 380 4 
272 384 4 
272 386 4 
272 391 4 
272 392 4 
272 393 4 
272 395 5 
272 400 4 
272 401 4 
272 404 5 
272 411 4 
272 416 4 
272 417 4 
272 418 4 
272 431 4 
272 443 2 
272 449 4 
272 465 4 
272 473 4 
272 475 1 
272 477 4 
272 485 1 
272 496 3 
272 501 4 
272 541 4 
272 546 4 
272 548 4 
272 550 4 
272 552 4 
272 559 4 
272 561 4 
272 562 4 
272 567 4 
272 568 4 
272 569 5 
272 576 4 
272 577 4 
272 578 4 
272 584 4 
272 588 4 
272 597 4 
272 609 4 
272 625 4 
272 633 5 
272 655 2 
272 665 4 
272 672 4 
272 685 4 
272 689 4 
272 715 4 
272 720 4 
272 739 4 
272 742 4 
272 743 4 
272 746 4 
272 747 4 
272 751 5 
272 755 3 
272 756 4 
272 758 4 
272 760 4 
272 763 4 
272 768 4 
272 771 4 
272 780 4 
272 790 4 
272 796 4 
272 810 5 
272 826 4 
272 834 4 
272 877 3 
272 890 3 
272 895 4 
272 924 4 
272 928 4 
272 930 4 
272 931 4 
272 940 3 
272 946 4 
272 951 3 
272 977 4 
273 7 4 
273 9 4 
273 10 3 
273 14 4 
273 25 5 
273 116 3 
273 124 4 
273 129 3 
273 137 4 
273 242 4 
273 257 4 
273 275 3 
273 276 4 
273 293 3 
273 302 5 
273 303 4 
273 319 3 
273 327 4 
273 547 4 
273 813 4 
274 7 4 
274 8 4 
274 11 4 
274 12 4 
274 13 5 
274 14 5 
274 15 4 
274 22 2 
274 23 1 
274 26 5 
274 42 4 
274 44 4 
274 45 4 
274 48 3 
274 50 5 
274 52 2 
274 58 4 
274 60 1 
274 61 4 
274 64 4 
274 66 4 
274 68 4 
274 69 4 
274 70 5 
274 71 4 
274 72 3 
274 73 4 
274 76 5 
274 77 4 
274 79 4 
274 83 4 
274 86 4 
274 87 5 
274 88 3 
274 89 4 
274 92 4 
274 97 4 
274 98 4 
274 99 4 
274 100 5 
274 107 5 
274 116 4 
274 117 4 
274 121 5 
274 131 4 
274 132 4 
274 134 5 
274 135 4 
274 136 4 
274 141 4 
274 150 4 
274 161 5 
274 168 4 
274 170 1 
274 171 4 
274 172 4 
274 173 1 
274 175 4 
274 176 3 
274 178 5 
274 179 4 
274 180 5 
274 181 5 
274 182 4 
274 183 4 
274 191 4 
274 192 4 
274 193 5 
274 194 5 
274 195 4 
274 196 4 
274 198 4 
274 203 5 
274 205 4 
274 207 5 
274 208 4 
274 210 4 
274 211 3 
274 212 5 
274 215 5 
274 216 4 
274 218 5 
274 221 4 
274 227 5 
274 230 4 
274 234 5 
274 237 5 
274 238 2 
274 244 5 
274 248 5 
274 252 4 
274 257 5 
274 258 4 
274 265 1 
274 274 4 
274 275 3 
274 276 5 
274 282 5 
274 283 5 
274 285 4 
274 288 2 
274 289 4 
274 291 4 
274 293 5 
274 298 5 
274 302 5 
274 313 3 
274 315 2 
274 316 1 
274 317 5 
274 322 4 
274 326 5 
274 346 4 
274 356 5 
274 380 3 
274 382 4 
274 385 4 
274 410 3 
274 414 2 
274 416 3 
274 418 4 
274 419 4 
274 430 3 
274 434 5 
274 435 5 
274 436 4 
274 461 1 
274 462 1 
274 463 2 
274 470 5 
274 474 5 
274 475 4 
274 478 3 
274 480 3 
274 481 4 
274 483 4 
274 484 5 
274 486 5 
274 488 4 
274 489 3 
274 490 4 
274 491 4 
274 493 5 
274 495 3 
274 496 4 
274 497 2 
274 498 4 
274 499 4 
274 503 5 
274 506 5 
274 507 3 
274 508 4 
274 511 5 
274 513 5 
274 514 3 
274 517 5 
274 518 4 
274 519 1 
274 520 2 
274 521 1 
274 525 1 
274 526 4 
274 527 5 
274 528 4 
274 529 2 
274 530 5 
274 553 1 
274 566 1 
274 584 5 
274 591 3 
274 601 4 
274 602 5 
274 603 4 
274 604 2 
274 605 1 
274 607 5 
274 610 4 
274 614 4 
274 615 5 
274 618 5 
274 628 2 
274 633 4 
274 641 5 
274 642 5 
274 646 4 
274 648 4 
274 649 4 
274 651 5 
274 653 4 
274 657 5 
274 659 3 
274 660 4 
274 661 5 
274 664 5 
274 676 1 
274 684 5 
274 685 5 
274 692 4 
274 696 5 
274 697 5 
274 699 4 
274 705 5 
274 707 5 
274 708 4 
274 709 5 
274 735 1 
274 736 5 
274 744 5 
274 756 5 
274 789 4 
274 792 5 
274 836 3 
274 848 4 
274 921 5 
274 923 5 
274 939 5 
274 943 4 
274 945 5 
274 963 4 
274 966 5 
274 971 4 
274 996 5 
275 70 4 
275 100 5 
275 127 4 
275 259 4 
275 286 5 
275 313 5 
275 381 3 
276 4 3 
276 26 2 
276 33 5 
276 56 5 
276 63 1 
276 67 5 
276 72 2 
276 73 1 
276 80 1 
276 83 5 
276 88 2 
276 168 4 
276 173 4 
276 175 5 
276 186 3 
276 202 3 
276 204 3 
276 209 4 
276 211 5 
276 216 3 
276 232 3 
276 238 4 
276 239 3 
276 288 2 
276 294 3 
276 300 3 
276 328 1 
276 343 4 
276 367 5 
276 386 2 
276 435 3 
276 579 4 
276 648 3 
276 655 5 
276 692 3 
276 710 5 
276 712 2 
276 715 1 
276 734 1 
276 738 5 
276 748 1 
276 765 1 
276 781 2 
276 790 1 
276 792 4 
276 890 4 
276 944 5 
276 999 3 
277 20 4 
277 25 4 
277 36 4 
277 49 4 
277 88 4 
277 90 4 
277 237 4 
277 255 5 
277 282 4 
277 289 4 
277 294 4 
277 369 5 
277 553 4 
277 709 4 
277 722 4 
277 731 4 
277 732 4 
277 756 5 
277 781 4 
277 846 4 
278 1 1 
278 7 5 
278 17 2 
278 23 4 
278 26 4 
278 28 3 
278 40 5 
278 42 4 
278 48 5 
278 50 1 
278 65 5 
278 69 5 
278 72 3 
278 77 4 
278 79 2 
278 81 5 
278 93 5 
278 98 5 
278 111 1 
278 122 1 
278 134 5 
278 143 4 
278 145 5 
278 151 3 
278 160 2 
278 161 3 
278 188 3 
278 196 5 
278 216 2 
278 218 4 
278 219 5 
278 222 3 
278 231 5 
278 237 4 
278 238 4 
278 255 5 
278 276 3 
278 282 5 
278 288 3 
278 300 1 
278 318 5 
278 327 4 
278 340 5 
278 350 4 
278 354 2 
278 357 4 
278 367 4 
278 369 3 
278 381 1 
278 392 4 
278 403 3 
278 410 3 
278 412 1 
278 427 4 
278 447 4 
278 451 1 
278 467 4 
278 469 4 
278 518 4 
278 568 5 
278 591 5 
278 604 5 
278 616 4 
278 655 2 
278 658 4 
278 673 5 
278 684 3 
278 743 2 
278 763 4 
278 843 3 
278 866 5 
278 959 4 
278 975 5 
279 1 3 
279 8 5 
279 24 2 
279 28 1 
279 31 2 
279 50 4 
279 54 5 
279 55 4 
279 58 5 
279 66 3 
279 70 1 
279 71 5 
279 79 4 
279 82 5 
279 88 2 
279 89 5 
279 95 1 
279 96 5 
279 97 1 
279 100 4 
279 101 2 
279 108 5 
279 111 2 
279 117 3 
279 118 5 
279 121 1 
279 122 5 
279 127 5 
279 133 5 
279 135 5 
279 144 4 
279 147 2 
279 148 4 
279 153 1 
279 161 3 
279 164 3 
279 168 5 
279 172 4 
279 173 5 
279 174 5 
279 175 4 
279 176 3 
279 177 5 
279 179 2 
279 180 5 
279 181 5 
279 182 5 
279 183 5 
279 185 4 
279 187 5 
279 188 1 
279 189 5 
279 190 5 
279 195 5 
279 197 5 
279 198 3 
279 201 5 
279 204 5 
279 209 1 
279 210 4 
279 211 5 
279 213 4 
279 215 5 
279 216 5 
279 228 5 
279 230 2 
279 241 1 
279 248 2 
279 249 1 
279 255 3 
279 257 1 
279 258 5 
279 261 4 
279 264 1 
279 265 3 
279 266 3 
279 270 4 
279 272 4 
279 274 1 
279 281 4 
279 282 4 
279 286 4 
279 288 1 
279 294 1 
279 295 1 
279 298 1 
279 300 3 
279 304 3 
279 325 1 
279 328 5 
279 356 1 
279 358 1 
279 380 1 
279 385 5 
279 398 5 
279 405 4 
279 421 4 
279 422 5 
279 423 5 
279 436 5 
279 455 2 
279 463 4 
279 472 5 
279 479 5 
279 483 5 
279 489 3 
279 510 5 
279 511 5 
279 523 5 
279 526 5 
279 528 5 
279 535 4 
279 546 5 
279 566 5 
279 588 5 
279 602 4 
279 604 3 
279 616 5 
279 629 4 
279 632 5 
279 640 5 
279 651 5 
279 655 5 
279 680 3 
279 688 4 
279 692 5 
279 727 3 
279 732 2 
279 739 3 
279 748 1 
279 751 5 
279 752 1 
279 840 3 
279 879 1 
279 931 5 
279 945 3 
280 8 1 
280 12 5 
280 64 5 
280 89 5 
280 96 5 
280 100 5 
280 114 4 
280 127 5 
280 165 2 
280 172 4 
280 174 5 
280 175 5 
280 183 5 
280 190 5 
280 191 4 
280 213 1 
280 234 5 
280 237 5 
280 257 3 
280 258 5 
280 265 5 
280 272 4 
280 298 5 
280 347 5 
280 462 4 
280 479 4 
280 483 5 
280 504 4 
280 510 5 
280 511 5 
280 517 2 
280 603 4 
280 615 5 
280 642 3 
280 661 4 
280 705 4 
280 863 1 
281 4 5 
281 42 4 
281 50 4 
281 66 3 
281 70 4 
281 86 4 
281 100 5 
281 153 5 
281 163 1 
281 173 3 
281 190 4 
281 197 4 
281 204 5 
281 207 4 
281 210 5 
281 216 4 
281 283 4 
281 313 4 
281 318 4 
281 322 4 
281 367 1 
281 427 4 
281 430 5 
281 479 4 
281 484 4 
281 505 3 
281 507 4 
281 524 4 
281 648 4 
281 650 4 
281 659 5 
281 678 1 
281 692 3 
281 780 5 
282 127 4 
282 257 4 
282 269 4 
282 288 4 
282 295 4 
282 298 2 
282 311 5 
282 315 3 
282 346 3 
282 876 3 
282 881 3 
282 988 3 
283 1 3 
283 12 3 
283 20 4 
283 99 3 
283 107 3 
283 109 3 
283 116 3 
283 121 3 
283 151 3 
283 180 3 
283 195 3 
283 197 3 
283 199 3 
283 229 3 
283 230 3 
283 250 3 
283 257 3 
283 270 3 
283 271 3 
283 274 3 
283 275 3 
283 277 3 
283 286 3 
283 290 3 
283 313 3 
283 318 3 
283 365 3 
283 380 3 
283 405 3 
283 449 3 
283 450 2 
283 462 3 
283 480 3 
283 538 3 
283 582 3 
283 612 3 
283 743 3 
283 900 3 
284 1 5 
284 7 5 
284 9 4 
284 15 5 
284 24 5 
284 25 5 
284 28 5 
284 29 5 
284 50 5 
284 51 5 
284 53 5 
284 56 5 
284 69 5 
284 70 5 
284 71 4 
284 73 5 
284 79 5 
284 82 5 
284 94 5 
284 96 5 
284 97 5 
284 98 4 
284 111 5 
284 122 5 
284 135 5 
284 136 4 
284 141 4 
284 143 5 
284 144 5 
284 150 5 
284 151 5 
284 168 5 
284 173 5 
284 174 2 
284 181 5 
284 195 4 
284 202 5 
284 204 4 
284 216 5 
284 222 5 
284 227 5 
284 229 5 
284 234 4 
284 235 5 
284 237 5 
284 248 5 
284 250 5 
284 252 5 
284 255 4 
284 257 5 
284 258 4 
284 274 5 
284 275 5 
284 293 5 
284 294 4 
284 300 5 
284 313 5 
284 315 3 
284 318 4 
284 343 5 
284 385 5 
284 392 5 
284 399 4 
284 405 5 
284 419 5 
284 422 5 
284 427 4 
284 431 5 
284 449 5 
284 451 5 
284 463 5 
284 472 5 
284 510 4 
284 550 4 
284 554 5 
284 560 5 
284 562 5 
284 568 5 
284 578 5 
284 588 5 
284 597 5 
284 625 5 
284 651 4 
284 655 5 
284 665 5 
284 679 5 
284 692 5 
284 699 5 
284 746 5 
284 778 5 
284 823 4 
284 829 5 
284 849 4 
284 879 5 
284 924 5 
284 926 5 
285 288 3 
285 289 3 
285 303 1 
285 307 3 
285 313 1 
285 319 4 
285 321 1 
285 326 3 
285 330 4 
285 347 5 
285 748 1 
286 1 3 
286 3 4 
286 7 1 
286 10 3 
286 13 3 
286 14 3 
286 15 3 
286 93 3 
286 109 3 
286 111 3 
286 121 2 
286 123 3 
286 124 3 
286 125 3 
286 127 4 
286 129 3 
286 137 3 
286 146 3 
286 147 3 
286 150 3 
286 151 3 
286 181 4 
286 220 3 
286 221 3 
286 235 3 
286 236 3 
286 237 2 
286 245 5 
286 248 3 
286 250 1 
286 255 4 
286 257 4 
286 258 3 
286 262 3 
286 264 3 
286 270 2 
286 273 5 
286 275 3 
286 276 4 
286 277 3 
286 280 1 
286 282 1 
286 284 3 
286 285 3 
286 286 3 
286 287 4 
286 295 4 
286 298 3 
286 299 4 
286 300 3 
286 305 3 
286 319 2 
286 321 3 
286 322 3 
286 327 2 
286 331 3 
286 332 3 
286 333 1 
286 460 3 
286 471 3 
286 475 3 
286 476 3 
286 508 5 
286 591 3 
286 595 3 
286 597 3 
286 620 3 
286 628 2 
286 678 3 
286 689 2 
286 690 3 
286 696 3 
286 717 4 
286 718 3 
286 742 5 
286 748 3 
286 762 3 
286 766 3 
286 818 3 
286 823 3 
286 846 3 
286 864 3 
286 872 3 
286 874 3 
286 879 3 
286 880 3 
286 882 3 
286 886 3 
286 887 3 
286 924 3 
286 935 3 
286 936 4 
286 975 3 
286 994 3 
286 995 3 
287 1 5 
287 2 1 
287 3 5 
287 4 5 
287 12 5 
287 17 5 
287 25 2 
287 28 5 
287 31 5 
287 38 5 
287 42 1 
287 43 5 
287 45 1 
287 48 5 
287 49 1 
287 50 5 
287 55 1 
287 58 5 
287 66 3 
287 68 4 
287 69 4 
287 71 5 
287 73 2 
287 76 5 
287 77 4 
287 79 5 
287 81 5 
287 82 3 
287 87 1 
287 88 3 
287 92 5 
287 95 3 
287 96 4 
287 97 1 
287 99 4 
287 100 5 
287 111 1 
287 117 4 
287 121 3 
287 125 3 
287 128 5 
287 133 5 
287 136 4 
287 140 2 
287 143 4 
287 144 4 
287 150 5 
287 160 5 
287 161 3 
287 172 5 
287 174 4 
287 176 5 
287 179 5 
287 181 1 
287 183 5 
287 188 4 
287 191 5 
287 194 5 
287 195 4 
287 196 5 
287 202 3 
287 206 3 
287 215 5 
287 216 4 
287 218 3 
287 222 3 
287 226 1 
287 227 3 
287 230 3 
287 232 2 
287 237 4 
287 239 3 
287 249 3 
287 252 4 
287 255 4 
287 257 2 
287 258 5 
287 259 2 
287 260 5 
287 265 5 
287 270 1 
287 272 5 
287 273 1 
287 276 5 
287 280 3 
287 282 4 
287 286 4 
287 288 3 
287 289 2 
287 293 5 
287 294 5 
287 298 4 
287 300 2 
287 318 5 
287 333 3 
287 347 2 
287 356 1 
287 366 3 
287 367 5 
287 378 4 
287 402 4 
287 411 5 
287 412 5 
287 423 5 
287 432 4 
287 455 5 
287 462 1 
287 470 1 
287 471 5 
287 474 1 
287 501 4 
287 540 2 
287 541 1 
287 546 5 
287 549 5 
287 550 3 
287 566 3 
287 572 1 
287 578 2 
287 588 4 
287 591 1 
287 596 2 
287 597 1 
287 620 5 
287 627 3 
287 628 5 
287 651 5 
287 652 1 
287 658 1 
287 672 1 
287 679 4 
287 684 5 
287 685 5 
287 686 1 
287 692 5 
287 710 1 
287 713 5 
287 727 5 
287 732 4 
287 735 2 
287 739 2 
287 742 3 
287 747 5 
287 748 4 
287 768 1 
287 772 2 
287 779 5 
287 781 2 
287 790 5 
287 794 3 
287 820 5 
287 823 2 
287 833 2 
287 845 3 
287 921 2 
287 932 5 
287 939 4 
287 941 1 
287 955 4 
287 956 3 
287 978 4 
288 1 3 
288 8 3 
288 9 3 
288 11 3 
288 22 3 
288 28 3 
288 33 4 
288 58 4 
288 64 3 
288 69 3 
288 70 3 
288 83 3 
288 87 3 
288 96 3 
288 98 3 
288 111 3 
288 133 3 
288 135 3 
288 154 3 
288 164 3 
288 168 3 
288 172 3 
288 173 4 
288 176 3 
288 180 3 
288 181 3 
288 182 3 
288 183 3 
288 185 3 
288 186 4 
288 190 3 
288 196 3 
288 198 4 
288 199 3 
288 200 3 
288 203 3 
288 207 3 
288 208 3 
288 210 3 
288 211 4 
288 222 3 
288 228 4 
288 230 4 
288 238 3 
288 243 5 
288 245 3 
288 258 3 
288 260 3 
288 265 4 
288 269 3 
288 289 5 
288 292 3 
288 299 3 
288 304 3 
288 318 3 
288 328 3 
288 333 3 
288 357 3 
288 358 4 
288 385 3 
288 405 3 
288 414 3 
288 419 4 
288 429 3 
288 434 3 
288 468 4 
288 474 3 
288 480 3 
288 485 4 
288 491 3 
288 493 4 
288 496 3 
288 498 3 
288 500 4 
288 510 3 
288 511 3 
288 514 3 
288 515 3 
288 520 3 
288 521 3 
288 523 3 
288 526 3 
288 527 3 
288 568 3 
288 605 3 
288 612 3 
288 655 3 
288 659 3 
288 662 3 
288 692 3 
288 707 3 
288 724 3 
288 732 3 
288 748 3 
288 776 3 
288 845 3 
288 880 3 
288 890 1 
289 243 4 
289 258 4 
289 259 3 
289 260 3 
289 261 3 
289 263 4 
289 264 4 
289 266 4 
289 268 4 
289 270 4 
289 271 2 
289 272 2 
289 286 4 
289 288 1 
289 289 2 
289 292 4 
289 294 3 
289 301 3 
289 302 5 
289 303 4 
289 308 3 
289 310 5 
289 313 5 
289 315 4 
289 316 3 
289 321 3 
289 324 3 
289 325 3 
289 326 3 
289 327 4 
289 330 3 
289 331 4 
289 332 4 
289 333 5 
289 334 4 
289 339 4 
289 340 2 
289 342 3 
289 343 5 
289 349 3 
289 353 4 
289 355 3 
289 358 3 
289 457 3 
289 538 5 
289 539 3 
289 678 4 
289 681 3 
289 682 4 
289 687 3 
289 689 2 
289 750 4 
289 751 4 
289 752 5 
289 872 3 
289 873 4 
289 874 4 
289 875 2 
289 881 3 
289 883 4 
289 887 4 
289 890 3 
289 892 2 
289 902 3 
289 908 5 
289 948 3 
289 988 3 
289 989 3 
289 991 3 
290 1 3 
290 7 3 
290 9 3 
290 15 3 
290 50 3 
290 93 3 
290 117 3 
290 124 3 
290 126 3 
290 127 3 
290 150 3 
290 151 3 
290 181 3 
290 224 3 
290 237 4 
290 246 2 
290 257 2 
290 258 3 
290 273 3 
290 277 4 
290 284 3 
290 286 3 
290 292 3 
290 293 3 
290 298 4 
290 302 3 
290 333 4 
290 410 5 
290 475 3 
290 515 3 
290 596 3 
290 764 4 
290 847 3 
290 919 3 
290 926 2 
290 993 3 
291 7 5 
291 19 3 
291 45 3 
291 100 5 
291 124 4 
291 129 4 
291 236 4 
291 237 4 
291 258 4 
291 273 5 
291 286 4 
291 340 3 
291 475 3 
291 657 3 
291 900 4 
292 45 4 
292 56 1 
292 64 5 
292 69 3 
292 83 4 
292 97 4 
292 100 5 
292 124 4 
292 127 5 
292 134 4 
292 137 4 
292 185 4 
292 186 5 
292 187 5 
292 192 2 
292 193 5 
292 205 3 
292 221 4 
292 242 5 
292 285 4 
292 286 4 
292 318 4 
292 479 3 
292 482 3 
292 483 4 
292 492 3 
292 511 1 
292 523 2 
292 527 5 
292 531 1 
292 654 5 
292 657 4 
292 772 3 
292 923 4 
293 1 4 
293 7 4 
293 11 3 
293 12 5 
293 22 4 
293 24 3 
293 48 5 
293 50 5 
293 56 4 
293 59 4 
293 60 3 
293 61 3 
293 65 5 
293 69 4 
293 71 4 
293 79 4 
293 82 4 
293 91 4 
293 95 3 
293 96 4 
293 98 4 
293 100 4 
293 115 4 
293 117 4 
293 118 4 
293 121 4 
293 124 4 
293 127 4 
293 150 4 
293 156 4 
293 168 4 
293 171 5 
293 172 1 
293 173 1 
293 174 2 
293 175 4 
293 176 4 
293 180 4 
293 181 4 
293 182 4 
293 183 3 
293 188 1 
293 191 4 
293 192 4 
293 195 4 
293 196 3 
293 201 4 
293 209 4 
293 210 4 
293 222 4 
293 234 4 
293 235 4 
293 238 4 
293 239 5 
293 250 4 
293 252 4 
293 257 4 
293 258 4 
293 260 3 
293 264 4 
293 265 4 
293 271 2 
293 273 4 
293 275 3 
293 284 4 
293 288 1 
293 298 1 
293 300 4 
293 318 5 
293 323 4 
293 327 3 
293 328 4 
293 343 3 
293 357 5 
293 369 4 
293 405 4 
293 411 4 
293 423 4 
293 431 4 
293 455 5 
293 462 4 
293 475 4 
293 483 4 
293 527 3 
293 528 4 
293 546 4 
293 550 5 
293 597 4 
293 647 4 
293 652 4 
293 684 4 
293 687 3 
293 693 4 
293 742 4 
293 746 4 
293 751 4 
293 754 4 
293 762 4 
293 763 4 
293 876 3 
293 886 4 
293 890 3 
293 925 4 
294 1 2 
294 9 3 
294 15 4 
294 64 3 
294 65 4 
294 86 1 
294 98 3 
294 100 5 
294 126 5 
294 174 1 
294 183 5 
294 191 4 
294 194 4 
294 222 5 
294 237 4 
294 286 4 
294 289 5 
294 294 4 
294 322 4 
294 357 4 
294 479 5 
294 507 4 
294 528 4 
294 748 4 
294 924 3 
295 2 3 
295 4 4 
295 11 3 
295 29 3 
295 44 5 
295 50 5 
295 53 4 
295 54 3 
295 56 2 
295 62 4 
295 64 2 
295 68 1 
295 69 3 
295 71 2 
295 79 3 
295 84 5 
295 86 5 
295 88 3 
295 89 5 
295 90 1 
295 91 3 
295 94 4 
295 95 2 
295 98 1 
295 101 4 
295 109 1 
295 120 4 
295 127 3 
295 132 3 
295 133 3 
295 139 4 
295 140 1 
295 144 4 
295 145 2 
295 147 1 
295 153 5 
295 155 1 
295 157 4 
295 158 5 
295 161 3 
295 162 4 
295 163 5 
295 167 3 
295 168 5 
295 172 4 
295 173 1 
295 174 4 
295 176 5 
295 179 4 
295 181 5 
295 184 5 
295 186 3 
295 188 4 
295 191 3 
295 195 5 
295 200 3 
295 201 5 
295 202 4 
295 214 1 
295 216 3 
295 217 4 
295 219 1 
295 222 5 
295 226 4 
295 227 4 
295 228 4 
295 229 4 
295 230 4 
295 231 2 
295 232 3 
295 234 4 
295 235 3 
295 265 4 
295 282 4 
295 288 4 
295 357 1 
295 379 4 
295 380 2 
295 385 4 
295 386 1 
295 389 4 
295 391 5 
295 392 4 
295 395 2 
295 402 4 
295 403 3 
295 404 4 
295 413 4 
295 416 4 
295 417 3 
295 421 5 
295 423 3 
295 431 3 
295 433 5 
295 435 3 
295 444 4 
295 447 3 
295 449 3 
295 452 4 
295 465 2 
295 470 5 
295 472 1 
295 478 2 
295 479 4 
295 496 3 
295 501 5 
295 504 4 
295 505 3 
295 507 4 
295 523 2 
295 550 4 
295 559 3 
295 566 3 
295 575 1 
295 581 4 
295 616 3 
295 622 5 
295 629 4 
295 642 3 
295 650 1 
295 658 1 
295 660 5 
295 665 5 
295 671 5 
295 674 5 
295 679 5 
295 684 2 
295 705 3 
295 732 5 
295 742 4 
295 768 5 
295 770 1 
295 790 1 
295 796 3 
295 797 5 
295 831 5 
295 843 4 
295 924 1 
295 944 3 
296 7 4 
296 10 4 
296 17 4 
296 33 1 
296 38 2 
296 39 4 
296 42 1 
296 50 1 
296 53 4 
296 56 4 
296 64 4 
296 77 4 
296 87 3 
296 96 5 
296 97 4 
296 98 3 
296 99 4 
296 109 4 
296 132 5 
296 133 4 
296 135 5 
296 136 1 
296 141 4 
296 142 5 
296 143 5 
296 147 5 
296 150 1 
296 154 5 
296 156 4 
296 158 1 
296 164 4 
296 172 5 
296 173 4 
296 181 1 
296 183 1 
296 186 3 
296 204 5 
296 222 4 
296 227 4 
296 228 4 
296 229 4 
296 246 4 
296 268 2 
296 288 5 
296 318 4 
296 356 5 
296 378 4 
296 380 4 
296 393 4 
296 417 4 
296 418 3 
296 420 4 
296 421 4 
296 433 5 
296 469 3 
296 480 4 
296 484 4 
296 485 4 
296 509 1 
296 526 4 
296 528 4 
296 532 4 
296 554 4 
296 561 4 
296 607 5 
296 625 4 
296 633 3 
296 727 2 
296 743 4 
296 746 5 
296 774 3 
296 825 4 
296 921 4 
297 1 3 
297 2 3 
297 3 3 
297 11 4 
297 12 4 
297 13 5 
297 19 4 
297 24 4 
297 25 4 
297 28 3 
297 31 5 
297 38 3 
297 39 4 
297 54 4 
297 56 4 
297 66 3 
297 67 4 
297 70 5 
297 71 3 
297 72 3 
297 77 3 
297 79 4 
297 80 1 
297 87 5 
297 89 4 
297 94 4 
297 95 3 
297 96 4 
297 97 4 
297 98 4 
297 99 3 
297 100 1 
297 101 5 
297 105 5 
297 108 4 
297 109 1 
297 114 4 
297 118 4 
297 122 3 
297 127 5 
297 139 1 
297 145 3 
297 152 3 
297 153 5 
297 155 5 
297 161 3 
297 163 3 
297 164 4 
297 167 3 
297 168 4 
297 173 5 
297 174 4 
297 175 5 
297 181 4 
297 183 5 
297 185 5 
297 186 1 
297 187 5 
297 188 5 
297 189 5 
297 194 5 
297 195 5 
297 197 4 
297 202 4 
297 204 4 
297 208 4 
297 217 1 
297 222 3 
297 225 5 
297 227 5 
297 228 4 
297 229 3 
297 230 4 
297 233 2 
297 234 4 
297 240 4 
297 242 5 
297 248 4 
297 250 3 
297 252 3 
297 257 4 
297 258 5 
297 260 5 
297 268 5 
297 273 4 
297 274 1 
297 288 4 
297 291 3 
297 325 3 
297 358 3 
297 363 4 
297 364 5 
297 373 3 
297 381 5 
297 382 1 
297 384 5 
297 385 3 
297 386 4 
297 393 3 
297 395 1 
297 399 3 
297 403 4 
297 405 3 
297 407 3 
297 408 5 
297 412 5 
297 418 3 
297 423 4 
297 431 5 
297 432 5 
297 451 3 
297 452 3 
297 455 3 
297 465 3 
297 472 2 
297 475 1 
297 501 3 
297 508 5 
297 510 1 
297 526 1 
297 540 4 
297 545 3 
297 549 5 
297 550 4 
297 552 1 
297 559 4 
297 562 4 
297 566 4 
297 568 4 
297 570 4 
297 575 3 
297 577 3 
297 578 4 
297 588 3 
297 590 3 
297 597 5 
297 603 2 
297 625 4 
297 627 5 
297 645 3 
297 651 5 
297 652 3 
297 655 5 
297 657 5 
297 679 3 
297 692 4 
297 716 5 
297 721 5 
297 722 1 
297 724 3 
297 731 4 
297 741 1 
297 748 5 
297 758 2 
297 765 3 
297 771 4 
297 780 5 
297 781 4 
297 783 5 
297 790 2 
297 792 1 
297 797 3 
297 802 4 
297 808 4 
297 809 1 
297 810 4 
297 840 3 
297 849 5 
297 864 5 
297 940 3 
297 943 3 
297 1000 3 
298 10 4 
298 11 3 
298 12 5 
298 23 5 
298 32 5 
298 50 4 
298 53 5 
298 54 2 
298 56 4 
298 59 5 
298 61 5 
298 79 3 
298 83 3 
298 89 5 
298 98 4 
298 121 5 
298 124 5 
298 127 5 
298 136 5 
298 137 5 
298 144 5 
298 150 4 
298 151 3 
298 156 1 
298 160 5 
298 164 3 
298 168 5 
298 171 4 
298 172 3 
298 175 5 
298 176 3 
298 182 3 
298 183 4 
298 186 5 
298 187 5 
298 191 4 
298 192 2 
298 197 5 
298 202 4 
298 203 2 
298 204 4 
298 210 4 
298 218 3 
298 222 3 
298 228 5 
298 229 5 
298 258 4 
298 262 1 
298 271 5 
298 275 5 
298 288 2 
298 293 3 
298 302 5 
298 340 1 
298 381 4 
298 425 3 
298 435 4 
298 443 3 
298 447 2 
298 448 1 
298 449 4 
298 464 4 
298 474 5 
298 475 5 
298 483 5 
298 484 5 
298 486 5 
298 489 5 
298 512 1 
298 515 5 
298 522 5 
298 525 5 
298 548 5 
298 554 5 
298 558 1 
298 594 3 
298 607 2 
298 628 4 
298 631 1 
298 649 5 
298 652 5 
298 656 5 
298 664 4 
298 675 1 
298 693 5 
298 754 5 
298 772 5 
298 806 5 
298 887 5 
298 919 4 
298 922 4 
298 933 5 
298 985 4 
299 7 3 
299 8 4 
299 11 3 
299 12 5 
299 50 3 
299 69 5 
299 87 4 
299 97 4 
299 117 3 
299 132 4 
299 153 3 
299 157 4 
299 176 3 
299 177 5 
299 181 2 
299 182 2 
299 183 4 
299 191 4 
299 193 2 
299 194 4 
299 198 3 
299 202 5 
299 207 5 
299 210 5 
299 213 3 
299 215 3 
299 238 4 
299 251 4 
299 271 5 
299 272 5 
299 275 5 
299 295 4 
299 300 1 
299 301 3 
299 312 4 
299 313 3 
299 318 4 
299 326 4 
299 357 5 
299 414 3 
299 425 4 
299 427 5 
299 463 3 
299 474 4 
299 482 4 
299 483 4 
299 484 5 
299 486 4 
299 497 4 
299 511 4 
299 514 4 
299 516 3 
299 520 5 
299 521 4 
299 530 5 
299 539 4 
299 605 1 
299 651 4 
299 657 4 
299 661 4 
299 663 3 
299 690 4 
299 692 3 
299 742 4 
299 750 4 
299 879 4 
299 886 4 
299 887 4 
299 902 4 
300 1 4 
300 3 4 
300 8 3 
300 9 4 
300 15 3 
300 25 4 
300 28 4 
300 30 3 
300 39 4 
300 42 5 
300 43 4 
300 44 1 
300 45 4 
300 50 5 
300 56 5 
300 58 5 
300 59 4 
300 61 4 
300 62 5 
300 69 1 
300 70 4 
300 72 4 
300 77 4 
300 83 4 
300 88 4 
300 89 5 
300 94 4 
300 97 4 
300 98 5 
300 100 4 
300 116 4 
300 118 4 
300 120 4 
300 125 4 
300 129 4 
300 133 4 
300 135 5 
300 143 4 
300 147 4 
300 159 4 
300 164 5 
300 172 4 
300 175 4 
300 179 2 
300 181 4 
300 196 4 
300 204 3 
300 208 4 
300 210 5 
300 211 1 
300 216 5 
300 217 3 
300 223 5 
300 234 4 
300 235 4 
300 238 4 
300 244 1 
300 245 4 
300 246 5 
300 250 5 
300 252 4 
300 255 4 
300 257 4 
300 268 4 
300 274 4 
300 275 5 
300 276 1 
300 281 5 
300 282 4 
300 283 5 
300 284 4 
300 285 4 
300 287 5 
300 294 4 
300 298 4 
300 300 4 
300 301 4 
300 304 4 
300 316 4 
300 319 4 
300 325 4 
300 381 4 
300 386 5 
300 387 5 
300 393 4 
300 396 3 
300 405 4 
300 407 4 
300 412 4 
300 421 4 
300 448 5 
300 464 3 
300 469 5 
300 471 1 
300 472 5 
300 475 4 
300 476 4 
300 479 1 
300 498 4 
300 509 5 
300 514 5 
300 517 4 
300 522 4 
300 529 4 
300 531 4 
300 535 4 
300 553 5 
300 559 5 
300 568 4 
300 569 5 
300 584 4 
300 611 4 
300 619 4 
300 639 4 
300 640 4 
300 660 5 
300 662 4 
300 665 5 
300 699 4 
300 709 4 
300 714 4 
300 721 4 
300 729 4 
300 735 4 
300 739 4 
300 742 4 
300 762 4 
300 768 4 
300 775 4 
300 780 5 
300 781 4 
300 815 4 
300 821 5 
300 827 4 
300 836 4 
300 845 4 
300 930 4 
300 964 4 
300 971 4 
300 988 3 
300 996 4 
