301 191 3 
301 204 3 
301 269 2 
301 283 3 
301 423 3 
301 484 3 
301 515 3 
301 604 3 
302 243 5 
302 269 3 
302 286 3 
302 313 4 
302 315 4 
302 326 3 
302 328 3 
302 333 3 
302 678 5 
303 258 4 
303 268 4 
303 269 4 
303 294 4 
303 300 4 
303 303 4 
303 305 4 
303 325 4 
303 333 4 
303 340 4 
303 682 4 
303 995 4 
304 64 5 
304 143 5 
304 194 5 
304 245 5 
304 286 5 
304 418 5 
304 480 5 
304 492 5 
304 604 5 
304 606 5 
304 705 5 
305 137 3 
305 272 3 
305 327 5 
305 650 4 
305 651 3 
305 750 3 
305 886 3 
306 121 2 
306 126 4 
306 127 4 
306 151 3 
306 252 2 
306 289 4 
306 405 4 
306 924 5 
307 111 3 
307 118 3 
307 181 3 
307 220 2 
307 252 3 
307 258 4 
307 298 4 
307 301 4 
307 471 4 
307 476 3 
307 546 3 
307 845 4 
307 926 3 
308 245 1 
308 288 2 
308 300 4 
308 873 5 
308 879 5 
309 268 5 
309 270 2 
309 292 1 
309 300 2 
309 302 5 
309 310 1 
309 313 1 
309 332 3 
309 346 4 
309 682 1 
309 690 3 
309 880 2 
310 21 3 
310 94 4 
310 181 4 
310 240 3 
310 300 3 
310 596 3 
310 597 5 
311 64 5 
311 111 3 
311 151 3 
311 251 4 
311 257 4 
311 272 4 
311 750 5 
311 751 4 
312 1 4 
312 9 4 
312 100 4 
312 129 4 
312 268 4 
312 276 4 
312 286 4 
312 300 4 
312 742 4 
313 243 4 
313 286 4 
313 288 5 
313 310 3 
313 313 1 
313 315 3 
313 323 4 
313 333 5 
313 748 4 
314 258 4 
314 272 5 
314 288 3 
314 319 5 
314 362 4 
314 882 4 
314 891 3 
315 243 4 
315 259 4 
315 288 4 
315 294 4 
315 321 4 
315 339 4 
315 342 4 
315 359 4 
315 410 4 
315 597 4 
315 687 4 
315 875 4 
315 988 4 
316 14 3 
316 237 4 
316 245 5 
316 272 4 
316 313 5 
316 321 4 
316 676 5 
317 272 5 
317 315 5 
317 316 5 
317 319 5 
317 345 5 
318 98 4 
318 173 5 
318 245 2 
318 269 4 
318 286 4 
318 288 4 
318 294 4 
318 301 4 
318 313 3 
318 315 5 
318 347 4 
318 752 4 
319 271 4 
319 288 2 
319 289 5 
319 301 4 
319 304 3 
319 308 3 
319 310 4 
319 331 3 
319 338 4 
319 877 1 
319 938 3 
319 989 4 
320 269 4 
320 271 2 
320 288 4 
320 294 3 
320 300 3 
320 305 5 
320 325 3 
320 327 3 
320 333 2 
320 343 2 
320 890 5 
321 100 5 
321 150 4 
321 151 4 
321 168 1 
321 191 1 
321 194 3 
321 198 4 
321 205 5 
321 222 4 
321 276 4 
321 288 5 
321 313 5 
321 682 4 
321 902 5 
322 1 3 
322 24 3 
322 147 3 
322 254 2 
322 405 3 
322 410 3 
322 471 4 
322 473 2 
322 742 3 
323 100 4 
323 264 4 
323 328 4 
323 456 4 
323 687 4 
323 876 4 
323 881 4 
323 948 4 
324 245 2 
324 270 3 
324 289 3 
324 294 2 
324 309 3 
324 322 3 
324 328 3 
324 879 3 
325 237 4 
325 271 3 
325 278 2 
325 288 3 
325 298 3 
325 300 4 
325 313 3 
325 328 3 
325 343 3 
325 682 1 
325 742 3 
325 763 3 
326 13 4 
326 25 4 
326 100 1 
326 111 4 
326 116 4 
326 150 4 
326 235 4 
326 283 4 
326 306 4 
326 476 3 
326 756 4 
327 258 4 
327 300 3 
327 303 4 
327 319 3 
327 333 5 
327 334 4 
328 14 5 
328 50 4 
328 222 4 
328 258 4 
328 748 5 
328 832 5 
328 845 5 
329 245 4 
329 264 4 
329 268 4 
329 322 4 
329 323 4 
329 328 4 
329 354 4 
329 678 4 
329 748 4 
329 879 4 
330 259 3 
330 267 5 
330 268 4 
330 301 3 
330 306 3 
330 333 5 
330 338 3 
330 346 3 
330 682 3 
330 751 3 
330 879 3 
331 1 5 
331 5 5 
331 7 4 
331 8 5 
331 9 4 
331 11 5 
331 12 5 
331 22 5 
331 31 5 
331 38 5 
331 53 5 
331 54 5 
331 56 5 
331 70 5 
331 73 5 
331 77 5 
331 79 5 
331 82 5 
331 95 5 
331 96 5 
331 97 5 
331 98 4 
331 105 5 
331 106 5 
331 117 5 
331 118 5 
331 120 4 
331 121 5 
331 122 5 
331 123 5 
331 125 5 
331 127 3 
331 144 4 
331 156 4 
331 159 4 
331 172 5 
331 174 4 
331 181 5 
331 182 5 
331 204 5 
331 210 5 
331 218 5 
331 222 5 
331 227 4 
331 228 4 
331 229 4 
331 230 4 
331 232 5 
331 233 4 
331 234 5 
331 235 4 
331 237 5 
331 240 4 
331 249 5 
331 255 5 
331 257 4 
331 258 5 
331 264 5 
331 265 4 
331 271 5 
331 273 5 
331 282 5 
331 288 5 
331 291 5 
331 293 5 
331 294 5 
331 295 4 
331 298 5 
331 300 5 
331 307 5 
331 313 2 
331 322 5 
331 323 4 
331 326 5 
331 327 5 
331 328 4 
331 332 5 
331 333 5 
331 342 4 
331 356 4 
331 369 5 
331 370 5 
331 405 5 
331 406 5 
331 409 4 
331 410 4 
331 449 4 
331 450 4 
331 451 5 
331 452 5 
331 456 5 
331 470 4 
331 546 5 
331 566 5 
331 595 5 
331 597 4 
331 628 5 
331 651 5 
331 655 4 
331 660 5 
331 673 5 
331 679 4 
331 684 5 
331 693 5 
331 696 5 
331 728 5 
331 746 5 
331 756 5 
331 763 4 
331 770 5 
331 815 4 
331 824 5 
331 827 4 
331 831 5 
331 833 4 
331 840 5 
331 841 5 
331 845 5 
331 866 4 
331 871 4 
331 879 5 
331 895 5 
331 928 5 
331 931 4 
331 934 4 
331 975 5 
331 978 5 
331 982 4 
331 983 5 
332 88 5 
332 153 2 
332 168 3 
332 180 4 
332 186 4 
332 269 3 
332 294 4 
332 315 4 
332 316 4 
332 435 1 
332 513 4 
332 748 3 
332 873 4 
333 4 3 
333 7 4 
333 8 5 
333 9 5 
333 12 5 
333 13 4 
333 19 1 
333 20 5 
333 22 1 
333 23 5 
333 28 4 
333 42 4 
333 50 5 
333 52 4 
333 56 1 
333 58 5 
333 59 4 
333 61 3 
333 68 4 
333 69 4 
333 70 3 
333 72 4 
333 73 4 
333 74 4 
333 77 4 
333 79 5 
333 81 4 
333 86 4 
333 89 1 
333 91 5 
333 93 2 
333 95 4 
333 98 5 
333 100 1 
333 111 4 
333 115 4 
333 116 4 
333 117 3 
333 124 3 
333 125 3 
333 127 4 
333 131 3 
333 132 5 
333 134 5 
333 135 4 
333 143 4 
333 150 1 
333 153 3 
333 154 5 
333 155 3 
333 160 4 
333 163 4 
333 164 4 
333 168 1 
333 169 4 
333 170 4 
333 171 5 
333 172 4 
333 173 2 
333 174 5 
333 175 4 
333 176 1 
333 181 4 
333 182 5 
333 183 5 
333 185 5 
333 186 1 
333 191 5 
333 196 5 
333 197 4 
333 200 5 
333 203 3 
333 204 5 
333 207 4 
333 210 4 
333 213 4 
333 216 4 
333 217 4 
333 220 4 
333 221 2 
333 222 4 
333 223 3 
333 224 4 
333 225 3 
333 227 3 
333 228 2 
333 229 4 
333 230 3 
333 231 4 
333 235 3 
333 237 1 
333 238 1 
333 239 4 
333 244 4 
333 245 1 
333 248 3 
333 250 4 
333 255 4 
333 257 3 
333 258 5 
333 265 3 
333 268 2 
333 269 5 
333 271 4 
333 272 5 
333 275 4 
333 276 4 
333 277 4 
333 282 4 
333 283 4 
333 285 4 
333 286 4 
333 287 4 
333 288 3 
333 289 4 
333 293 4 
333 297 5 
333 300 3 
333 301 4 
333 303 5 
333 305 5 
333 306 4 
333 310 4 
333 311 3 
333 312 4 
333 313 4 
333 315 4 
333 316 4 
333 317 1 
333 318 5 
333 319 5 
333 322 4 
333 324 5 
333 326 5 
333 328 4 
333 333 4 
333 337 5 
333 338 4 
333 340 4 
333 345 5 
333 346 4 
333 347 2 
333 371 4 
333 396 4 
333 405 3 
333 408 5 
333 421 5 
333 423 4 
333 425 5 
333 428 4 
333 429 1 
333 430 4 
333 433 4 
333 436 4 
333 443 4 
333 449 3 
333 450 4 
333 461 4 
333 462 3 
333 474 4 
333 475 3 
333 476 3 
333 481 5 
333 483 1 
333 484 1 
333 485 4 
333 488 4 
333 494 4 
333 498 4 
333 500 4 
333 502 4 
333 505 4 
333 506 1 
333 508 5 
333 510 1 
333 512 3 
333 514 1 
333 515 5 
333 521 1 
333 525 5 
333 529 4 
333 537 4 
333 553 3 
333 558 5 
333 566 3 
333 577 4 
333 582 4 
333 591 2 
333 603 4 
333 606 4 
333 607 5 
333 620 5 
333 628 4 
333 629 4 
333 631 4 
333 634 4 
333 635 4 
333 640 4 
333 642 4 
333 652 4 
333 655 4 
333 657 5 
333 658 4 
333 663 1 
333 675 3 
333 678 4 
333 684 2 
333 689 3 
333 693 4 
333 707 4 
333 708 4 
333 709 4 
333 710 4 
333 712 4 
333 716 2 
333 736 5 
333 740 4 
333 742 3 
333 744 3 
333 746 5 
333 753 4 
333 762 4 
333 792 4 
333 815 1 
333 840 4 
333 845 3 
333 846 4 
333 855 4 
333 856 4 
333 865 4 
333 870 5 
333 877 4 
333 879 4 
333 886 4 
333 887 3 
333 888 4 
333 896 4 
333 899 4 
333 902 4 
333 905 5 
333 906 3 
333 922 5 
333 931 3 
333 936 4 
333 937 3 
333 945 4 
333 950 5 
333 955 4 
333 961 4 
333 969 2 
334 245 4 
334 258 2 
334 269 3 
334 288 3 
334 307 4 
334 313 2 
334 324 4 
334 342 3 
334 347 3 
334 748 4 
334 902 3 
335 3 2 
335 4 2 
335 13 3 
335 15 1 
335 26 1 
335 33 3 
335 41 5 
335 42 2 
335 49 4 
335 56 5 
335 66 4 
335 67 2 
335 88 3 
335 94 4 
335 100 4 
335 105 5 
335 111 3 
335 117 3 
335 121 3 
335 122 4 
335 124 1 
335 125 1 
335 151 5 
335 153 3 
335 154 5 
335 158 1 
335 168 5 
335 186 3 
335 202 3 
335 208 4 
335 216 3 
335 232 5 
335 237 3 
335 239 3 
335 275 5 
335 276 5 
335 282 5 
335 284 5 
335 290 5 
335 367 4 
335 383 5 
335 388 1 
335 395 4 
335 401 5 
335 405 3 
335 410 3 
335 451 4 
335 475 2 
335 546 3 
335 571 2 
335 577 5 
335 619 5 
335 628 4 
335 655 4 
335 692 3 
335 710 1 
335 722 1 
335 732 3 
335 738 1 
335 742 5 
335 762 1 
335 763 3 
335 765 3 
335 780 2 
335 781 3 
335 785 2 
335 790 2 
335 796 2 
335 824 3 
335 859 1 
335 864 5 
335 959 4 
335 998 4 
335 999 3 
336 15 4 
336 50 5 
336 106 3 
336 121 4 
336 127 4 
336 181 4 
336 228 1 
336 230 4 
336 235 4 
336 257 3 
336 371 3 
336 380 4 
336 392 3 
336 515 5 
336 520 4 
336 631 3 
336 742 5 
336 831 2 
337 1 5 
337 56 5 
337 79 5 
337 83 4 
337 132 4 
337 133 3 
337 134 4 
337 135 5 
337 168 3 
337 170 4 
337 174 5 
337 175 4 
337 180 5 
337 189 4 
337 194 4 
337 204 5 
337 208 5 
337 211 4 
337 212 4 
337 213 4 
337 215 5 
337 216 4 
337 269 5 
337 294 4 
337 301 3 
337 306 2 
337 310 1 
337 435 4 
337 443 4 
337 462 4 
337 474 5 
337 480 4 
337 483 4 
337 484 3 
337 486 4 
337 488 3 
337 490 4 
337 494 3 
337 498 4 
337 511 1 
337 513 5 
337 514 4 
337 516 4 
337 523 5 
337 525 5 
337 582 4 
337 604 5 
337 607 4 
337 613 3 
337 650 4 
337 654 5 
337 708 5 
337 792 5 
337 945 4 
338 1 4 
338 4 4 
338 5 5 
338 7 5 
338 11 5 
338 12 5 
338 22 4 
338 23 4 
338 25 5 
338 28 4 
338 29 5 
338 30 4 
338 32 5 
338 42 5 
338 47 4 
338 50 3 
338 55 3 
338 56 4 
338 58 5 
338 64 5 
338 65 5 
338 67 5 
338 69 4 
338 73 5 
338 74 4 
338 76 4 
338 79 5 
338 80 4 
338 81 4 
338 82 4 
338 86 5 
338 88 4 
338 89 5 
338 91 5 
338 97 4 
338 98 4 
338 100 5 
338 101 1 
338 117 4 
338 121 4 
338 124 5 
338 126 5 
338 127 4 
338 130 4 
338 131 4 
338 132 3 
338 133 5 
338 134 3 
338 135 4 
338 136 5 
338 139 4 
338 144 4 
338 145 3 
338 150 5 
338 151 4 
338 153 4 
338 154 4 
338 156 4 
338 157 5 
338 159 4 
338 160 5 
338 161 4 
338 163 5 
338 167 4 
338 168 5 
338 170 5 
338 174 5 
338 175 5 
338 179 5 
338 180 4 
338 181 4 
338 183 4 
338 186 4 
338 188 5 
338 190 5 
338 191 5 
338 192 1 
338 194 4 
338 195 5 
338 196 4 
338 197 4 
338 198 4 
338 199 1 
338 203 4 
338 204 3 
338 205 5 
338 208 4 
338 209 5 
338 214 5 
338 222 5 
338 226 4 
338 227 4 
338 228 5 
338 231 5 
338 233 5 
338 235 4 
338 238 5 
338 240 4 
338 248 4 
338 257 5 
338 258 5 
338 265 5 
338 269 5 
338 270 4 
338 276 3 
338 286 4 
338 288 4 
338 298 4 
338 302 2 
338 317 4 
338 327 5 
338 347 1 
338 357 4 
338 380 4 
338 383 4 
338 402 4 
338 403 5 
338 404 4 
338 410 5 
338 411 5 
338 415 4 
338 427 4 
338 428 5 
338 431 5 
338 433 5 
338 435 4 
338 436 5 
338 447 5 
338 449 4 
338 451 5 
338 461 5 
338 469 5 
338 474 4 
338 475 5 
338 478 5 
338 479 4 
338 483 5 
338 484 5 
338 485 5 
338 496 4 
338 498 4 
338 503 5 
338 508 5 
338 509 4 
338 514 4 
338 515 5 
338 516 5 
338 521 5 
338 522 4 
338 523 5 
338 525 5 
338 527 4 
338 528 5 
338 530 5 
338 546 4 
338 549 4 
338 550 5 
338 566 4 
338 568 4 
338 573 5 
338 582 5 
338 603 5 
338 607 4 
338 614 5 
338 631 4 
338 632 5 
338 636 5 
338 637 5 
338 640 5 
338 642 4 
338 649 5 
338 650 5 
338 655 4 
338 657 5 
338 661 4 
338 663 3 
338 673 5 
338 675 4 
338 678 5 
338 693 4 
338 702 5 
338 709 3 
338 719 3 
338 735 5 
338 737 4 
338 739 4 
338 770 5 
338 772 5 
338 806 4 
338 823 1 
338 845 5 
338 856 2 
338 939 5 
338 942 5 
338 961 5 
339 1 5 
339 15 3 
339 50 3 
339 66 5 
339 71 5 
339 143 5 
339 172 5 
339 174 1 
339 179 5 
339 181 4 
339 205 5 
339 215 3 
339 265 3 
339 274 5 
339 402 5 
339 405 5 
339 423 5 
339 435 2 
339 486 3 
339 502 4 
339 504 3 
339 520 1 
339 526 4 
339 584 5 
339 662 5 
339 946 5 
340 3 2 
340 4 5 
340 7 4 
340 8 4 
340 11 4 
340 13 5 
340 15 3 
340 23 5 
340 25 3 
340 26 4 
340 28 3 
340 47 2 
340 56 5 
340 58 5 
340 68 3 
340 92 1 
340 93 5 
340 95 3 
340 98 5 
340 100 5 
340 108 1 
340 111 3 
340 122 5 
340 123 3 
340 124 4 
340 129 5 
340 131 5 
340 132 3 
340 133 3 
340 134 4 
340 135 5 
340 143 2 
340 144 5 
340 156 5 
340 160 5 
340 174 4 
340 175 5 
340 179 1 
340 188 3 
340 189 5 
340 191 4 
340 192 1 
340 193 1 
340 194 3 
340 196 4 
340 197 5 
340 204 4 
340 208 5 
340 209 1 
340 212 4 
340 216 4 
340 223 5 
340 237 4 
340 238 5 
340 240 3 
340 248 5 
340 251 5 
340 255 1 
340 257 1 
340 262 1 
340 274 3 
340 276 4 
340 282 4 
340 286 3 
340 287 1 
340 288 3 
340 289 1 
340 294 2 
340 297 1 
340 298 1 
340 301 3 
340 319 5 
340 320 1 
340 326 3 
340 327 1 
340 367 4 
340 378 3 
340 381 5 
340 382 1 
340 408 5 
340 412 4 
340 421 1 
340 423 3 
340 427 4 
340 433 5 
340 461 3 
340 483 4 
340 487 3 
340 496 3 
340 499 4 
340 508 5 
340 517 1 
340 518 1 
340 523 5 
340 531 4 
340 535 5 
340 544 5 
340 547 3 
340 558 4 
340 574 3 
340 581 1 
340 584 5 
340 591 5 
340 606 5 
340 607 4 
340 654 5 
340 655 5 
340 656 5 
340 657 5 
340 663 5 
340 692 3 
340 699 4 
340 723 5 
340 724 4 
340 727 1 
340 732 5 
340 746 5 
340 756 5 
340 762 5 
340 764 5 
340 772 5 
340 789 5 
340 792 1 
340 813 5 
340 818 4 
340 844 4 
340 846 5 
340 866 2 
340 873 5 
340 875 4 
340 928 4 
340 950 4 
340 965 3 
340 975 4 
341 1 2 
341 4 4 
341 7 4 
341 8 4 
341 9 5 
341 10 4 
341 11 3 
341 12 2 
341 20 3 
341 23 1 
341 25 4 
341 26 3 
341 28 4 
341 38 4 
341 42 5 
341 44 5 
341 47 4 
341 48 4 
341 50 3 
341 52 4 
341 53 4 
341 55 4 
341 56 4 
341 57 5 
341 58 4 
341 62 4 
341 63 4 
341 65 4 
341 66 4 
341 67 4 
341 68 4 
341 69 4 
341 76 4 
341 77 4 
341 79 4 
341 81 5 
341 82 5 
341 83 5 
341 86 5 
341 87 5 
341 90 4 
341 97 4 
341 98 2 
341 100 4 
341 117 4 
341 118 4 
341 121 4 
341 124 3 
341 127 4 
341 132 3 
341 134 3 
341 135 4 
341 137 4 
341 143 4 
341 144 3 
341 147 4 
341 152 5 
341 153 4 
341 155 4 
341 156 4 
341 159 4 
341 163 4 
341 164 4 
341 168 5 
341 169 5 
341 174 3 
341 176 3 
341 177 5 
341 179 4 
341 180 4 
341 186 4 
341 187 3 
341 188 4 
341 189 3 
341 193 4 
341 194 4 
341 196 5 
341 197 3 
341 199 4 
341 200 4 
341 208 5 
341 211 3 
341 214 4 
341 223 1 
341 228 5 
341 229 4 
341 231 5 
341 234 4 
341 235 4 
341 236 4 
341 237 4 
341 241 4 
341 250 4 
341 257 4 
341 265 3 
341 269 5 
341 275 4 
341 276 4 
341 277 4 
341 283 4 
341 288 3 
341 297 5 
341 302 1 
341 303 4 
341 306 4 
341 318 4 
341 324 5 
341 333 4 
341 334 4 
341 357 4 
341 358 4 
341 371 4 
341 375 4 
341 382 3 
341 385 4 
341 405 4 
341 408 4 
341 410 5 
341 423 5 
341 427 5 
341 429 5 
341 435 5 
341 449 5 
341 461 3 
341 462 5 
341 463 5 
341 471 4 
341 473 4 
341 474 4 
341 475 4 
341 476 4 
341 483 5 
341 498 4 
341 499 5 
341 508 4 
341 510 5 
341 515 4 
341 521 5 
341 523 5 
341 527 4 
341 528 4 
341 530 5 
341 536 5 
341 546 4 
341 555 5 
341 559 4 
341 561 4 
341 568 4 
341 569 2 
341 581 4 
341 582 4 
341 606 1 
341 614 4 
341 631 5 
341 642 4 
341 654 5 
341 655 5 
341 657 5 
341 660 5 
341 684 5 
341 702 5 
341 703 5 
341 708 4 
341 712 4 
341 724 4 
341 727 4 
341 729 5 
341 739 4 
341 744 4 
341 747 5 
341 778 4 
341 786 4 
341 792 4 
341 823 4 
341 919 4 
341 921 3 
341 930 4 
341 931 4 
341 943 4 
341 950 4 
341 951 4 
341 961 5 
341 980 5 
342 1 3 
342 4 5 
342 5 3 
342 8 4 
342 9 5 
342 11 5 
342 12 5 
342 13 5 
342 14 4 
342 22 2 
342 25 3 
342 26 3 
342 39 1 
342 45 5 
342 58 5 
342 70 3 
342 71 4 
342 73 5 
342 79 5 
342 86 4 
342 87 1 
342 88 1 
342 89 5 
342 95 1 
342 96 4 
342 97 4 
342 98 5 
342 111 3 
342 118 1 
342 119 2 
342 121 3 
342 122 5 
342 124 4 
342 125 3 
342 127 1 
342 129 3 
342 132 4 
342 137 4 
342 151 4 
342 169 4 
342 172 4 
342 174 5 
342 176 1 
342 181 4 
342 183 4 
342 190 5 
342 191 5 
342 195 1 
342 196 4 
342 198 5 
342 202 4 
342 203 1 
342 204 2 
342 208 4 
342 210 3 
342 216 4 
342 222 3 
342 228 4 
342 235 4 
342 237 1 
342 244 2 
342 245 5 
342 246 5 
342 248 5 
342 251 5 
342 255 3 
342 268 4 
342 269 4 
342 272 5 
342 273 1 
342 275 4 
342 276 5 
342 278 2 
342 280 5 
342 281 5 
342 283 1 
342 284 1 
342 285 4 
342 286 4 
342 288 3 
342 291 1 
342 295 2 
342 297 5 
342 298 3 
342 301 1 
342 303 3 
342 304 4 
342 311 1 
342 313 1 
342 315 5 
342 316 5 
342 322 5 
342 357 5 
342 367 1 
342 385 3 
342 405 5 
342 421 5 
342 433 5 
342 451 4 
342 459 1 
342 462 3 
342 471 4 
342 472 2 
342 476 5 
342 477 4 
342 478 5 
342 479 2 
342 486 5 
342 487 4 
342 494 5 
342 508 3 
342 509 4 
342 511 3 
342 516 3 
342 535 5 
342 537 4 
342 559 3 
342 562 3 
342 568 3 
342 597 4 
342 619 4 
342 647 5 
342 660 5 
342 663 5 
342 678 1 
342 684 3 
342 694 3 
342 696 3 
342 707 5 
342 708 2 
342 709 4 
342 713 5 
342 716 3 
342 742 5 
342 751 4 
342 764 4 
342 815 5 
342 844 1 
342 845 4 
342 864 4 
342 926 4 
342 928 2 
342 955 5 
342 972 5 
343 1 2 
343 4 3 
343 5 1 
343 9 3 
343 11 5 
343 15 4 
343 25 5 
343 26 5 
343 28 3 
343 33 3 
343 43 3 
343 44 5 
343 48 5 
343 49 3 
343 50 4 
343 51 1 
343 56 5 
343 64 5 
343 65 3 
343 66 5 
343 69 4 
343 71 3 
343 77 3 
343 79 4 
343 81 4 
343 87 4 
343 88 4 
343 93 4 
343 98 5 
343 100 5 
343 111 4 
343 117 4 
343 118 4 
343 124 3 
343 125 3 
343 126 5 
343 131 3 
343 132 4 
343 137 4 
343 143 4 
343 148 3 
343 151 1 
343 170 4 
343 172 3 
343 173 3 
343 174 2 
343 191 2 
343 196 4 
343 197 1 
343 202 3 
343 204 3 
343 216 3 
343 220 2 
343 221 4 
343 223 3 
343 226 4 
343 235 3 
343 237 2 
343 239 4 
343 241 2 
343 245 5 
343 246 4 
343 251 4 
343 255 4 
343 262 3 
343 268 4 
343 269 4 
343 272 5 
343 278 4 
343 280 5 
343 282 1 
343 283 3 
343 284 3 
343 285 4 
343 287 3 
343 288 3 
343 289 4 
343 291 4 
343 293 4 
343 294 3 
343 295 3 
343 297 1 
343 298 5 
343 300 3 
343 301 1 
343 302 4 
343 303 4 
343 305 4 
343 311 5 
343 312 4 
343 313 5 
343 315 4 
343 317 3 
343 323 1 
343 332 4 
343 333 3 
343 356 5 
343 365 5 
343 367 3 
343 378 3 
343 381 5 
343 382 5 
343 387 2 
343 402 4 
343 403 2 
343 405 3 
343 416 5 
343 433 4 
343 443 3 
343 451 5 
343 461 4 
343 464 5 
343 471 3 
343 473 1 
343 476 1 
343 479 5 
343 481 5 
343 485 5 
343 498 4 
343 508 3 
343 518 3 
343 534 3 
343 535 5 
343 550 3 
343 559 3 
343 566 4 
343 568 3 
343 582 3 
343 588 5 
343 620 3 
343 639 1 
343 651 5 
343 655 5 
343 660 5 
343 676 3 
343 696 4 
343 702 2 
343 708 5 
343 709 1 
343 715 1 
343 716 3 
343 722 5 
343 732 2 
343 736 4 
343 737 3 
343 738 3 
343 739 3 
343 742 1 
343 744 4 
343 747 5 
343 748 4 
343 772 5 
343 781 3 
343 845 3 
343 846 3 
343 866 4 
343 879 4 
343 886 3 
343 903 3 
343 919 3 
343 949 5 
343 955 2 
343 956 5 
343 972 4 
343 988 2 
344 2 3 
344 3 3 
344 4 5 
344 7 3 
344 11 4 
344 12 5 
344 17 1 
344 22 5 
344 29 1 
344 31 5 
344 33 3 
344 38 3 
344 53 1 
344 54 3 
344 55 4 
344 56 5 
344 62 3 
344 64 5 
344 67 1 
344 72 1 
344 76 1 
344 77 5 
344 83 4 
344 91 1 
344 92 4 
344 94 3 
344 97 1 
344 98 5 
344 100 1 
344 117 4 
344 120 1 
344 121 5 
344 127 5 
344 128 1 
344 132 5 
344 133 1 
344 134 5 
344 141 5 
344 143 4 
344 144 5 
344 147 3 
344 153 1 
344 156 1 
344 157 1 
344 158 2 
344 161 4 
344 167 2 
344 168 5 
344 172 5 
344 173 1 
344 174 5 
344 176 5 
344 181 5 
344 183 5 
344 184 5 
344 186 1 
344 187 5 
344 188 4 
344 203 1 
344 204 5 
344 210 5 
344 211 1 
344 213 3 
344 215 5 
344 216 5 
344 218 4 
344 219 5 
344 232 2 
344 234 5 
344 237 4 
344 241 5 
344 245 5 
344 250 2 
344 259 1 
344 265 1 
344 273 5 
344 276 5 
344 288 5 
344 291 4 
344 293 1 
344 294 1 
344 300 3 
344 302 1 
344 318 5 
344 322 5 
344 325 1 
344 333 2 
344 358 3 
344 363 5 
344 366 3 
344 369 2 
344 375 3 
344 385 5 
344 391 5 
344 392 3 
344 403 5 
344 405 3 
344 415 1 
344 423 5 
344 431 5 
344 455 4 
344 470 3 
344 496 5 
344 518 2 
344 520 1 
344 541 4 
344 546 3 
344 549 2 
344 561 3 
344 569 5 
344 571 5 
344 572 4 
344 576 3 
344 578 3 
344 582 5 
344 616 1 
344 636 3 
344 642 4 
344 657 1 
344 669 1 
344 673 5 
344 684 5 
344 685 2 
344 708 5 
344 712 5 
344 727 1 
344 732 5 
344 739 4 
344 743 5 
344 746 5 
344 748 1 
344 780 1 
344 785 1 
344 802 1 
344 809 2 
344 831 5 
344 842 1 
344 879 1 
344 932 5 
344 944 4 
344 951 2 
344 959 5 
344 977 5 
345 1 4 
345 7 3 
345 12 1 
345 15 4 
345 17 5 
345 22 3 
345 24 3 
345 25 3 
345 28 3 
345 31 4 
345 50 4 
345 55 4 
345 56 5 
345 68 4 
345 70 4 
345 73 4 
345 76 3 
345 77 5 
345 79 4 
345 82 3 
345 85 4 
345 87 4 
345 91 4 
345 96 3 
345 97 4 
345 99 3 
345 100 2 
345 117 3 
345 118 3 
345 125 5 
345 127 1 
345 132 5 
345 137 5 
345 144 4 
345 151 5 
345 156 2 
345 157 4 
345 158 3 
345 159 4 
345 163 4 
345 164 4 
345 168 5 
345 172 4 
345 173 2 
345 174 5 
345 176 5 
345 177 4 
345 181 4 
345 182 5 
345 183 4 
345 187 2 
345 188 1 
345 192 4 
345 195 4 
345 200 1 
345 203 4 
345 204 5 
345 208 4 
345 215 5 
345 222 4 
345 226 4 
345 227 4 
345 233 4 
345 235 4 
345 239 3 
345 240 3 
345 245 2 
345 246 1 
345 252 4 
345 257 1 
345 258 5 
345 268 1 
345 271 3 
345 273 4 
345 276 1 
345 280 4 
345 286 3 
345 288 3 
345 290 3 
345 293 1 
345 294 3 
345 298 1 
345 300 4 
345 317 2 
345 318 4 
345 323 5 
345 324 3 
345 328 4 
345 333 2 
345 356 4 
345 369 4 
345 371 4 
345 385 4 
345 386 1 
345 392 5 
345 403 1 
345 404 4 
345 405 3 
345 410 3 
345 416 4 
345 423 3 
345 432 5 
345 435 5 
345 460 4 
345 462 4 
345 465 5 
345 468 3 
345 470 5 
345 472 5 
345 475 5 
345 501 2 
345 508 3 
345 544 5 
345 550 3 
345 568 4 
345 588 2 
345 595 3 
345 597 5 
345 609 5 
345 655 4 
345 660 4 
345 685 5 
345 686 4 
345 689 5 
345 692 3 
345 699 5 
345 721 4 
345 735 3 
345 742 5 
345 756 5 
345 763 4 
345 806 4 
345 819 3 
345 820 3 
345 827 4 
345 829 4 
345 831 4 
345 841 3 
345 871 1 
345 879 2 
345 928 2 
345 930 1 
345 943 2 
345 959 4 
345 977 5 
345 982 3 
346 1 4 
346 7 4 
346 15 4 
346 25 4 
346 100 4 
346 107 4 
346 111 4 
346 118 4 
346 121 4 
346 126 4 
346 147 4 
346 225 4 
346 240 4 
346 276 4 
346 288 4 
346 294 4 
346 323 4 
346 368 4 
346 370 4 
346 409 4 
346 411 4 
346 412 4 
346 472 4 
346 473 4 
346 476 4 
346 546 4 
346 628 4 
346 742 4 
346 819 4 
346 831 4 
346 834 4 
346 924 4 
346 926 4 
346 928 4 
346 974 4 
346 975 4 
346 988 4 
347 9 2 
347 10 4 
347 118 3 
347 121 3 
347 125 5 
347 126 4 
347 237 2 
347 325 4 
347 370 5 
347 412 3 
347 455 4 
347 458 3 
347 471 4 
347 475 2 
347 596 3 
347 744 4 
347 847 4 
348 1 5 
348 23 5 
348 89 5 
348 98 5 
348 132 4 
348 133 4 
348 136 5 
348 168 5 
348 172 4 
348 176 5 
348 183 5 
348 193 2 
348 195 5 
348 204 4 
348 210 5 
348 214 4 
348 228 4 
348 265 5 
348 271 3 
348 324 1 
348 340 4 
348 435 4 
348 479 5 
348 480 5 
348 483 5 
348 489 5 
348 530 4 
348 589 3 
348 604 3 
348 616 4 
348 654 3 
348 657 4 
349 288 4 
349 289 4 
349 292 5 
349 300 4 
349 301 4 
349 310 3 
349 312 4 
349 313 3 
349 326 5 
349 327 4 
349 332 4 
349 341 4 
349 343 4 
349 359 5 
349 538 4 
349 748 4 
349 750 4 
349 754 4 
349 873 4 
349 879 4 
349 880 3 
349 882 4 
349 888 4 
349 984 4 
349 989 4 
349 990 4 
350 4 5 
350 7 4 
350 12 5 
350 17 5 
350 39 2 
350 55 3 
350 56 4 
350 79 4 
350 86 3 
350 89 5 
350 92 5 
350 96 4 
350 98 5 
350 129 3 
350 144 4 
350 156 4 
350 173 4 
350 182 4 
350 194 5 
350 195 5 
350 216 4 
350 228 5 
350 234 5 
350 302 4 
350 385 4 
350 568 4 
350 657 4 
350 692 4 
351 245 3 
351 260 1 
351 271 3 
351 272 4 
351 300 1 
351 315 3 
351 326 3 
351 327 2 
351 328 2 
351 332 3 
351 333 3 
351 343 2 
351 905 1 
352 7 4 
352 9 4 
352 14 4 
352 19 4 
352 20 4 
352 25 5 
352 32 4 
352 42 3 
352 47 4 
352 50 4 
352 52 4 
352 57 4 
352 58 5 
352 59 4 
352 60 5 
352 61 5 
352 66 5 
352 70 5 
352 79 4 
352 81 4 
352 83 4 
352 86 3 
352 87 5 
352 88 4 
352 93 3 
352 100 4 
352 109 5 
352 116 4 
352 124 4 
352 131 4 
352 133 4 
352 134 4 
352 135 4 
352 136 4 
352 137 3 
352 143 4 
352 149 4 
352 151 5 
352 152 5 
352 153 5 
352 154 4 
352 155 3 
352 162 4 
352 166 5 
352 168 4 
352 169 5 
352 171 1 
352 173 4 
352 174 4 
352 175 5 
352 180 4 
352 186 5 
352 189 5 
352 190 4 
352 191 4 
352 193 1 
352 197 4 
352 199 4 
352 202 3 
352 208 5 
352 209 4 
352 211 5 
352 213 4 
352 216 4 
352 238 4 
352 242 4 
352 246 4 
352 248 5 
352 251 4 
352 255 4 
352 257 5 
352 258 5 
352 268 5 
352 269 3 
352 270 1 
352 272 4 
352 275 3 
352 276 5 
352 281 4 
352 286 3 
352 287 3 
352 297 4 
352 303 3 
352 305 4 
352 306 4 
352 308 4 
352 311 4 
352 313 4 
352 318 4 
352 344 5 
352 381 4 
352 382 4 
352 387 3 
352 414 4 
352 421 4 
352 423 4 
352 428 5 
352 429 4 
352 435 4 
352 462 5 
352 463 5 
352 464 4 
352 473 2 
352 478 4 
352 479 4 
352 480 4 
352 483 4 
352 485 4 
352 487 5 
352 489 4 
352 494 4 
352 496 4 
352 497 4 
352 498 4 
352 507 4 
352 508 1 
352 509 4 
352 511 4 
352 513 4 
352 515 3 
352 516 4 
352 518 5 
352 520 5 
352 529 2 
352 531 4 
352 533 4 
352 558 4 
352 582 4 
352 584 2 
352 603 4 
352 604 4 
352 605 5 
352 606 3 
352 607 4 
352 629 4 
352 631 3 
352 638 4 
352 650 4 
352 651 4 
352 652 3 
352 657 4 
352 659 4 
352 660 5 
352 661 4 
352 692 3 
352 694 4 
352 699 4 
352 702 5 
352 705 4 
352 707 4 
352 709 4 
352 716 1 
352 732 2 
352 733 1 
352 735 3 
352 736 4 
352 737 5 
352 740 4 
352 753 1 
352 792 5 
352 811 4 
352 847 4 
352 855 4 
352 863 4 
352 865 4 
352 882 4 
352 889 5 
352 900 5 
352 904 4 
352 929 3 
352 953 1 
352 956 2 
352 958 4 
352 962 4 
353 242 4 
353 264 4 
353 288 4 
353 300 4 
353 328 4 
353 329 4 
353 360 4 
353 681 4 
353 882 4 
354 272 3 
354 292 3 
354 313 3 
354 316 3 
354 326 5 
354 328 3 
354 333 3 
354 689 2 
354 748 4 
355 1 4 
355 7 4 
355 10 4 
355 24 4 
355 105 4 
355 117 4 
355 118 4 
355 123 4 
355 125 5 
355 126 5 
355 147 4 
355 150 5 
355 151 4 
355 220 4 
355 222 4 
355 245 4 
355 258 4 
355 270 4 
355 273 4 
355 274 4 
355 275 4 
355 280 4 
355 284 4 
355 291 4 
355 322 4 
355 326 4 
355 334 4 
355 405 4 
355 407 4 
355 411 4 
355 455 4 
355 456 4 
355 471 4 
355 472 4 
355 473 4 
355 476 4 
355 546 4 
355 595 4 
355 687 4 
355 713 4 
355 742 4 
355 744 4 
355 760 4 
355 819 4 
355 820 4 
355 831 4 
355 833 4 
355 866 4 
355 932 4 
355 977 4 
355 984 4 
356 8 4 
356 65 3 
356 127 3 
356 132 4 
356 174 4 
356 179 3 
356 213 3 
356 268 1 
356 318 3 
356 324 5 
356 357 3 
356 511 5 
356 582 3 
356 584 4 
356 638 3 
356 639 3 
356 643 4 
356 855 4 
356 896 4 
357 7 4 
357 117 4 
357 118 4 
357 181 1 
357 250 4 
357 268 4 
357 270 3 
357 298 4 
357 313 2 
357 323 3 
357 405 3 
357 472 4 
357 748 4 
357 751 4 
357 831 5 
358 1 3 
358 10 4 
358 13 4 
358 14 4 
358 25 1 
358 28 4 
358 45 4 
358 50 5 
358 64 5 
358 79 4 
358 100 5 
358 116 4 
358 124 4 
358 127 4 
358 134 1 
358 157 5 
358 165 3 
358 166 4 
358 170 5 
358 174 5 
358 181 5 
358 187 5 
358 191 5 
358 194 4 
358 195 5 
358 197 1 
358 205 1 
358 207 3 
358 210 4 
358 222 4 
358 237 1 
358 238 4 
358 242 4 
358 251 3 
358 269 3 
358 271 1 
358 275 1 
358 283 3 
358 284 1 
358 286 4 
358 297 2 
358 302 4 
358 304 3 
358 306 5 
358 308 5 
358 309 3 
358 321 5 
358 326 4 
358 328 3 
358 357 4 
358 423 4 
358 479 1 
358 483 1 
358 496 3 
358 511 1 
358 521 5 
358 523 3 
358 531 4 
358 582 4 
358 588 4 
358 654 5 
358 661 5 
358 735 5 
358 744 4 
358 748 3 
358 845 2 
358 933 1 
358 936 3 
358 963 5 
359 12 2 
359 14 5 
359 23 2 
359 26 4 
359 49 5 
359 53 3 
359 55 5 
359 56 4 
359 59 4 
359 60 4 
359 66 3 
359 70 4 
359 79 1 
359 83 5 
359 88 5 
359 90 4 
359 97 3 
359 98 5 
359 100 5 
359 111 4 
359 129 2 
359 148 5 
359 150 4 
359 156 3 
359 165 5 
359 166 4 
359 168 5 
359 170 5 
359 173 4 
359 176 3 
359 178 5 
359 183 5 
359 185 3 
359 186 3 
359 190 5 
359 197 4 
359 203 3 
359 204 4 
359 207 2 
359 212 5 
359 213 5 
359 218 4 
359 222 4 
359 228 4 
359 234 4 
359 237 1 
359 238 4 
359 258 3 
359 269 4 
359 273 4 
359 274 4 
359 276 1 
359 286 4 
359 333 5 
359 340 3 
359 387 4 
359 421 3 
359 430 4 
359 435 5 
359 451 3 
359 466 5 
359 475 4 
359 498 4 
359 502 4 
359 504 4 
359 514 3 
359 517 5 
359 524 4 
359 525 4 
359 531 4 
359 639 4 
359 652 2 
359 654 5 
359 655 1 
359 657 5 
359 659 4 
359 673 3 
359 684 4 
359 694 4 
359 707 4 
359 709 5 
359 727 4 
359 737 1 
359 739 3 
359 742 4 
359 762 4 
359 770 3 
359 794 3 
359 934 2 
359 949 2 
360 245 3 
360 268 5 
360 302 2 
360 312 5 
360 313 1 
360 323 3 
360 333 3 
360 336 3 
360 689 4 
361 1 3 
361 2 1 
361 4 4 
361 5 3 
361 7 3 
361 9 4 
361 11 3 
361 22 3 
361 29 3 
361 32 1 
361 37 5 
361 38 2 
361 44 5 
361 47 5 
361 50 3 
361 54 1 
361 55 3 
361 56 3 
361 58 3 
361 62 5 
361 65 4 
361 66 5 
361 67 5 
361 68 3 
361 69 4 
361 70 3 
361 71 3 
361 72 5 
361 73 2 
361 79 3 
361 81 5 
361 82 3 
361 87 3 
361 88 4 
361 89 4 
361 90 5 
361 91 2 
361 93 3 
361 95 3 
361 96 3 
361 97 4 
361 98 4 
361 101 5 
361 102 3 
361 114 5 
361 117 2 
361 120 4 
361 121 4 
361 128 5 
361 134 4 
361 137 4 
361 143 2 
361 144 3 
361 145 5 
361 151 5 
361 152 2 
361 154 3 
361 155 4 
361 156 3 
361 159 1 
361 161 4 
361 164 4 
361 169 4 
361 172 4 
361 173 3 
361 174 3 
361 179 3 
361 182 3 
361 183 3 
361 184 5 
361 185 3 
361 186 3 
361 187 4 
361 188 3 
361 189 4 
361 193 4 
361 195 5 
361 196 3 
361 200 3 
361 201 3 
361 204 3 
361 206 3 
361 208 5 
361 210 3 
361 212 5 
361 215 3 
361 216 3 
361 218 4 
361 222 3 
361 226 4 
361 227 1 
361 228 3 
361 229 5 
361 231 5 
361 234 3 
361 235 5 
361 237 3 
361 248 3 
361 250 4 
361 258 3 
361 265 4 
361 270 3 
361 271 2 
361 282 4 
361 283 3 
361 284 3 
361 288 3 
361 290 4 
361 293 2 
361 307 4 
361 315 1 
361 316 5 
361 317 3 
361 322 5 
361 325 1 
361 328 3 
361 336 1 
361 346 4 
361 347 1 
361 350 4 
361 351 3 
361 366 4 
361 370 1 
361 380 5 
361 387 2 
361 391 2 
361 393 2 
361 402 3 
361 403 5 
361 405 2 
361 408 4 
361 417 5 
361 423 4 
361 426 5 
361 428 4 
361 431 2 
361 433 3 
361 435 3 
361 443 3 
361 444 5 
361 448 1 
361 449 1 
361 451 3 
361 461 4 
361 469 1 
361 472 5 
361 473 4 
361 474 5 
361 505 2 
361 506 4 
361 511 4 
361 518 3 
361 523 5 
361 531 3 
361 546 1 
361 550 3 
361 552 5 
361 554 1 
361 555 4 
361 557 3 
361 559 3 
361 561 5 
361 566 4 
361 568 3 
361 569 1 
361 571 2 
361 572 2 
361 575 4 
361 578 3 
361 588 3 
361 590 5 
361 597 5 
361 603 3 
361 616 2 
361 625 1 
361 631 5 
361 640 1 
361 650 1 
361 651 3 
361 653 3 
361 657 3 
361 658 5 
361 660 4 
361 665 1 
361 673 2 
361 675 5 
361 678 5 
361 679 2 
361 682 2 
361 685 1 
361 691 5 
361 698 1 
361 699 4 
361 707 4 
361 709 4 
361 710 2 
361 719 5 
361 735 3 
361 741 1 
361 742 1 
361 746 3 
361 747 4 
361 752 3 
361 760 5 
361 761 5 
361 767 1 
361 774 5 
361 778 5 
361 792 4 
361 802 5 
361 805 5 
361 809 1 
361 816 1 
361 825 4 
361 831 4 
361 849 3 
361 854 2 
361 859 1 
361 895 4 
361 906 5 
361 919 4 
361 933 3 
361 940 3 
361 946 4 
361 959 3 
361 979 3 
362 289 3 
362 302 4 
362 321 4 
362 875 3 
362 948 4 
362 988 4 
363 1 3 
363 7 4 
363 15 3 
363 25 5 
363 100 4 
363 109 3 
363 124 3 
363 125 3 
363 137 2 
363 150 3 
363 222 4 
363 235 2 
363 258 5 
363 268 3 
363 271 2 
363 272 3 
363 275 3 
363 276 4 
363 277 3 
363 287 3 
363 288 5 
363 289 5 
363 294 3 
363 301 4 
363 309 5 
363 315 3 
363 316 3 
363 321 3 
363 340 1 
363 352 3 
363 473 3 
363 591 3 
363 742 5 
363 762 2 
363 813 3 
363 894 5 
363 895 2 
363 908 3 
364 53 4 
364 56 3 
364 98 5 
364 184 4 
364 200 5 
364 201 4 
364 217 4 
364 219 4 
364 234 1 
364 443 4 
364 445 5 
364 559 4 
364 573 5 
364 671 4 
364 672 4 
364 853 4 
364 860 4 
365 7 4 
365 17 3 
365 50 3 
365 53 4 
365 98 4 
365 100 3 
365 145 3 
365 164 4 
365 176 5 
365 183 3 
365 184 4 
365 200 4 
365 201 4 
365 218 4 
365 234 4 
365 250 4 
365 258 3 
365 288 4 
365 302 3 
365 324 3 
365 326 3 
365 333 4 
365 334 4 
365 379 4 
365 406 4 
365 413 4 
365 436 4 
365 443 4 
365 448 4 
365 452 4 
365 551 4 
365 563 4 
365 564 4 
365 665 4 
365 670 4 
365 672 4 
365 760 4 
365 769 4 
365 774 3 
365 800 4 
365 919 4 
366 11 3 
366 17 3 
366 56 5 
366 89 4 
366 96 3 
366 98 4 
366 100 5 
366 127 3 
366 183 4 
366 184 4 
366 201 3 
366 217 2 
366 218 3 
366 219 3 
366 234 4 
366 292 2 
366 313 5 
366 320 2 
366 379 3 
366 396 3 
366 567 5 
366 672 3 
366 774 2 
366 777 3 
367 50 2 
367 114 5 
367 168 5 
367 172 1 
367 181 2 
367 271 1 
367 316 4 
367 358 3 
367 751 3 
367 988 5 
368 12 3 
368 22 3 
368 31 3 
368 50 3 
368 52 3 
368 64 3 
368 98 3 
368 100 3 
368 107 3 
368 114 3 
368 116 3 
368 135 3 
368 136 3 
368 153 3 
368 172 3 
368 174 3 
368 175 3 
368 176 3 
368 181 3 
368 193 3 
368 195 3 
368 199 3 
368 209 3 
368 210 3 
368 238 3 
368 257 3 
368 265 3 
368 269 3 
368 285 3 
368 322 3 
368 423 3 
368 425 3 
368 433 3 
368 435 3 
368 443 3 
368 480 3 
368 484 3 
368 493 3 
368 494 3 
368 497 3 
368 514 3 
368 525 4 
368 603 3 
368 604 3 
368 607 3 
368 608 4 
368 613 4 
368 631 3 
368 657 3 
368 659 3 
368 661 3 
368 678 3 
368 705 3 
368 923 3 
369 1 5 
369 22 4 
369 55 3 
369 64 4 
369 69 5 
369 77 4 
369 79 5 
369 97 2 
369 98 5 
369 174 4 
369 177 5 
369 179 4 
369 180 2 
369 181 4 
369 185 5 
369 186 1 
369 194 5 
369 197 1 
369 210 5 
369 234 4 
369 265 4 
369 357 5 
369 393 4 
369 423 5 
369 435 1 
369 443 3 
369 449 5 
369 452 5 
369 504 4 
369 527 4 
369 655 3 
369 663 4 
369 746 4 
370 5 5 
370 23 4 
370 44 1 
370 56 5 
370 79 5 
370 129 4 
370 159 5 
370 164 5 
370 176 3 
370 183 4 
370 185 1 
370 200 3 
370 201 5 
370 218 5 
370 262 2 
370 286 4 
370 288 5 
370 299 5 
370 325 4 
370 327 5 
370 333 5 
370 436 2 
370 441 5 
370 443 4 
370 447 4 
370 448 4 
370 452 4 
370 547 4 
370 559 4 
370 561 5 
370 574 5 
370 581 4 
370 595 5 
370 628 5 
370 635 5 
370 637 5 
370 672 5 
370 674 5 
370 678 5 
370 696 3 
370 874 3 
370 875 5 
371 2 4 
371 4 5 
371 12 5 
371 15 5 
371 20 4 
371 22 5 
371 24 4 
371 25 4 
371 31 4 
371 48 5 
371 50 4 
371 58 4 
371 64 4 
371 66 4 
371 68 4 
371 70 4 
371 80 4 
371 81 5 
371 82 4 
371 83 4 
371 89 3 
371 90 4 
371 94 4 
371 95 3 
371 96 4 
371 97 4 
371 99 4 
371 100 2 
371 102 4 
371 105 4 
371 110 3 
371 114 4 
371 117 4 
371 127 4 
371 132 4 
371 136 3 
371 139 4 
371 142 5 
371 143 5 
371 144 4 
371 150 4 
371 151 4 
371 154 3 
371 155 4 
371 156 4 
371 161 4 
371 162 4 
371 163 4 
371 165 4 
371 166 5 
371 169 3 
371 172 1 
371 173 1 
371 175 4 
371 177 3 
371 179 5 
371 180 4 
371 181 4 
371 184 3 
371 189 5 
371 194 3 
371 195 2 
371 196 3 
371 197 5 
371 202 4 
371 204 4 
371 206 4 
371 208 3 
371 209 3 
371 210 4 
371 211 4 
371 213 4 
371 214 5 
371 215 4 
371 217 4 
371 225 4 
371 226 4 
371 228 3 
371 230 4 
371 232 4 
371 239 4 
371 241 3 
371 259 3 
371 269 4 
371 275 4 
371 278 4 
371 281 4 
371 286 4 
371 290 4 
371 318 1 
371 357 5 
371 366 4 
371 378 3 
371 380 4 
371 382 4 
371 385 4 
371 386 4 
371 389 5 
371 390 4 
371 392 5 
371 393 4 
371 399 4 
371 401 4 
371 402 3 
371 403 4 
371 404 2 
371 409 4 
371 414 4 
371 417 4 
371 418 4 
371 420 4 
371 421 2 
371 423 5 
371 427 1 
371 431 4 
371 433 3 
371 435 3 
371 451 4 
371 472 4 
371 474 1 
371 480 5 
371 485 5 
371 487 5 
371 488 5 
371 494 4 
371 496 3 
371 497 4 
371 499 4 
371 506 3 
371 510 3 
371 520 5 
371 527 3 
371 550 3 
371 553 5 
371 559 4 
371 566 4 
371 568 4 
371 571 5 
371 577 4 
371 588 3 
371 596 4 
371 598 4 
371 603 4 
371 627 4 
371 633 4 
371 645 5 
371 648 5 
371 649 3 
371 651 4 
371 655 4 
371 658 4 
371 660 4 
371 679 5 
371 694 3 
371 699 3 
371 704 4 
371 705 2 
371 709 3 
371 715 3 
371 724 3 
371 727 5 
371 729 5 
371 732 4 
371 746 4 
371 747 5 
371 748 4 
371 756 4 
371 778 3 
371 828 4 
371 842 4 
371 843 2 
371 849 4 
371 941 4 
371 946 4 
371 949 1 
372 1 1 
372 2 4 
372 5 1 
372 7 3 
372 9 4 
372 11 1 
372 15 3 
372 17 5 
372 23 5 
372 24 1 
372 28 4 
372 29 5 
372 39 2 
372 48 4 
372 50 4 
372 56 1 
372 64 4 
372 66 4 
372 68 4 
372 69 2 
372 70 4 
372 71 3 
372 77 4 
372 89 1 
372 95 3 
372 97 4 
372 98 5 
372 100 5 
372 106 5 
372 111 4 
372 116 4 
372 118 3 
372 120 2 
372 121 3 
372 122 5 
372 123 4 
372 124 3 
372 125 5 
372 126 4 
372 127 4 
372 129 4 
372 135 2 
372 143 5 
372 144 5 
372 147 3 
372 148 2 
372 150 5 
372 151 5 
372 156 1 
372 159 2 
372 161 4 
372 162 2 
372 168 4 
372 172 1 
372 173 5 
372 174 5 
372 176 5 
372 185 2 
372 186 4 
372 192 4 
372 195 1 
372 197 4 
372 200 3 
372 202 4 
372 204 4 
372 210 1 
372 216 4 
372 218 4 
372 222 4 
372 223 4 
372 225 5 
372 226 3 
372 228 5 
372 229 1 
372 230 3 
372 231 4 
372 233 5 
372 234 5 
372 235 1 
372 237 4 
372 240 3 
372 247 4 
372 248 3 
372 252 3 
372 254 5 
372 257 5 
372 265 5 
372 279 4 
372 280 4 
372 282 5 
372 284 5 
372 289 4 
372 291 5 
372 310 5 
372 322 1 
372 323 5 
372 356 5 
372 363 3 
372 369 5 
372 385 1 
372 393 3 
372 403 5 
372 405 1 
372 412 3 
372 423 4 
372 424 3 
372 427 4 
372 449 5 
372 450 1 
372 454 5 
372 458 4 
372 463 4 
372 465 4 
372 466 5 
372 467 4 
372 468 4 
372 475 1 
372 476 4 
372 483 4 
372 521 5 
372 527 4 
372 540 2 
372 544 4 
372 550 5 
372 552 1 
372 554 5 
372 558 5 
372 566 1 
372 568 4 
372 572 3 
372 576 5 
372 581 5 
372 591 2 
372 619 3 
372 620 3 
372 628 1 
372 637 5 
372 642 3 
372 651 4 
372 665 5 
372 685 5 
372 692 5 
372 696 5 
372 717 1 
372 741 2 
372 742 5 
372 743 2 
372 756 2 
372 758 3 
372 761 3 
372 762 4 
372 763 5 
372 770 5 
372 789 5 
372 815 3 
372 819 3 
372 820 1 
372 824 5 
372 832 2 
372 844 5 
372 845 3 
372 846 1 
372 872 2 
372 880 3 
372 924 3 
372 928 2 
372 930 1 
372 931 1 
372 932 5 
372 934 2 
372 948 1 
372 952 5 
372 974 1 
372 975 3 
372 977 3 
372 978 4 
372 979 2 
372 986 3 
373 5 1 
373 39 3 
373 77 3 
373 176 3 
373 183 5 
373 185 4 
373 218 4 
373 233 2 
373 288 5 
373 300 4 
373 443 4 
373 583 4 
373 684 1 
373 761 4 
374 11 4 
374 14 4 
374 98 5 
374 154 5 
374 181 3 
374 197 5 
374 198 4 
374 223 4 
374 237 3 
374 246 4 
374 268 4 
374 274 3 
374 275 4 
374 289 4 
374 301 3 
374 603 5 
374 762 4 
375 56 5 
375 98 3 
375 100 2 
375 164 3 
375 168 3 
375 173 3 
375 194 2 
375 219 4 
375 234 2 
375 258 4 
375 268 5 
375 288 3 
375 313 2 
375 316 1 
375 323 4 
375 354 4 
375 443 4 
375 508 3 
375 895 3 
376 1 5 
376 2 4 
376 4 4 
376 5 4 
376 7 3 
376 8 1 
376 9 4 
376 10 5 
376 11 4 
376 12 3 
376 13 1 
376 14 3 
376 15 3 
376 21 4 
376 22 4 
376 28 3 
376 29 3 
376 31 4 
376 40 1 
376 42 5 
376 43 4 
376 48 3 
376 49 3 
376 50 2 
376 52 3 
376 53 5 
376 54 3 
376 58 5 
376 59 1 
376 62 4 
376 63 4 
376 65 3 
376 66 4 
376 68 3 
376 70 4 
376 73 3 
376 77 1 
376 79 4 
376 86 4 
376 87 3 
376 88 3 
376 89 3 
376 91 5 
376 94 4 
376 95 4 
376 99 4 
376 100 5 
376 106 1 
376 110 4 
376 111 3 
376 117 3 
376 121 3 
376 123 5 
376 125 4 
376 126 1 
376 132 3 
376 133 5 
376 135 4 
376 141 3 
376 143 4 
376 144 5 
376 148 2 
376 151 4 
376 153 5 
376 155 3 
376 157 2 
376 159 5 
376 161 5 
376 162 4 
376 167 4 
376 172 2 
376 173 3 
376 174 3 
376 175 3 
376 176 4 
376 179 3 
376 180 5 
376 181 3 
376 182 3 
376 186 4 
376 191 3 
376 194 4 
376 195 3 
376 196 3 
376 197 3 
376 200 4 
376 202 5 
376 203 1 
376 207 3 
376 210 4 
376 213 5 
376 215 3 
376 217 4 
376 218 3 
376 220 3 
376 222 5 
376 223 1 
376 226 3 
376 227 5 
376 230 4 
376 233 3 
376 234 3 
376 235 1 
376 237 4 
376 239 4 
376 241 2 
376 245 2 
376 248 3 
376 252 3 
376 254 4 
376 255 4 
376 257 2 
376 258 1 
376 269 4 
376 272 4 
376 273 5 
376 274 1 
376 275 5 
376 276 4 
376 277 1 
376 280 3 
376 281 3 
376 282 3 
376 283 3 
376 284 3 
376 285 1 
376 286 4 
376 288 5 
376 289 4 
376 294 1 
376 295 4 
376 298 5 
376 300 5 
376 301 3 
376 302 3 
376 304 4 
376 317 5 
376 318 4 
376 319 4 
376 321 2 
376 326 4 
376 328 1 
376 356 4 
376 365 1 
376 367 5 
376 380 5 
376 381 3 
376 382 5 
376 385 4 
376 386 4 
376 387 1 
376 392 4 
376 393 3 
376 396 4 
376 401 3 
376 403 4 
376 404 3 
376 405 3 
376 409 5 
376 410 4 
376 411 5 
376 417 3 
376 418 2 
376 419 4 
376 420 1 
376 423 2 
376 432 3 
376 435 5 
376 447 3 
376 449 4 
376 450 1 
376 451 3 
376 458 5 
376 465 2 
376 469 2 
376 471 4 
376 476 3 
376 479 3 
376 482 5 
376 485 1 
376 496 4 
376 500 5 
376 501 3 
376 508 5 
376 509 1 
376 517 1 
376 527 3 
376 528 3 
376 542 5 
376 546 2 
376 549 3 
376 554 2 
376 559 5 
376 566 1 
376 568 5 
376 572 4 
376 575 1 
376 576 4 
376 582 3 
376 591 4 
376 596 2 
376 597 3 
376 619 4 
376 620 3 
376 623 5 
376 629 4 
376 631 4 
376 632 5 
376 635 3 
376 636 3 
376 651 4 
376 655 2 
376 663 4 
376 665 1 
376 674 4 
376 686 4 
376 692 4 
376 693 1 
376 694 4 
376 702 5 
376 703 1 
376 707 5 
376 708 3 
376 709 3 
376 715 2 
376 716 3 
376 720 4 
376 722 5 
376 724 4 
376 727 3 
376 729 1 
376 731 4 
376 732 1 
376 734 2 
376 736 5 
376 742 2 
376 744 4 
376 747 2 
376 755 3 
376 756 2 
376 762 3 
376 768 5 
376 778 4 
376 780 3 
376 787 4 
376 792 2 
376 793 4 
376 796 5 
376 806 4 
376 807 4 
376 845 3 
376 866 3 
376 875 4 
376 896 3 
376 918 4 
376 921 2 
376 924 3 
376 926 5 
376 928 3 
376 930 4 
376 939 1 
376 942 2 
376 951 2 
376 959 3 
376 961 2 
376 969 1 
376 972 4 
376 977 3 
376 979 4 
377 1 4 
377 2 3 
377 4 4 
377 8 4 
377 9 5 
377 12 5 
377 23 5 
377 50 5 
377 52 5 
377 54 5 
377 56 5 
377 62 5 
377 63 3 
377 64 3 
377 69 4 
377 79 4 
377 82 2 
377 83 3 
377 88 4 
377 89 4 
377 90 4 
377 93 5 
377 96 2 
377 98 4 
377 100 5 
377 116 5 
377 124 5 
377 131 5 
377 133 5 
377 135 4 
377 141 5 
377 144 4 
377 152 4 
377 153 4 
377 157 3 
377 158 1 
377 161 4 
377 163 4 
377 164 4 
377 168 4 
377 172 5 
377 173 3 
377 176 4 
377 177 5 
377 178 1 
377 179 4 
377 183 3 
377 186 5 
377 188 4 
377 191 4 
377 192 1 
377 193 5 
377 194 5 
377 195 3 
377 196 4 
377 200 4 
377 202 5 
377 203 5 
377 204 4 
377 205 4 
377 208 4 
377 210 4 
377 211 4 
377 216 4 
377 219 3 
377 227 4 
377 230 4 
377 233 4 
377 238 3 
377 239 4 
377 257 5 
377 270 4 
377 271 4 
377 284 4 
377 285 5 
377 294 4 
377 300 4 
377 306 1 
377 310 5 
377 331 2 
377 339 5 
377 357 4 
377 372 1 
377 381 4 
377 383 4 
377 385 3 
377 391 4 
377 393 4 
377 395 4 
377 401 1 
377 402 4 
377 405 4 
377 414 4 
377 417 2 
377 419 2 
377 427 4 
377 428 5 
377 434 5 
377 436 4 
377 443 4 
377 447 2 
377 448 3 
377 451 1 
377 452 5 
377 461 5 
377 480 3 
377 496 4 
377 504 5 
377 511 5 
377 514 2 
377 516 5 
377 517 5 
377 520 2 
377 522 5 
377 523 3 
377 527 5 
377 528 5 
377 529 1 
377 530 5 
377 554 3 
377 559 3 
377 563 5 
377 566 4 
377 568 4 
377 575 5 
377 576 2 
377 603 1 
377 616 5 
377 622 3 
377 636 2 
377 637 5 
377 644 4 
377 649 4 
377 651 5 
377 655 5 
377 659 1 
377 674 1 
377 684 1 
377 686 5 
377 701 4 
377 704 4 
377 705 5 
377 710 5 
377 712 3 
377 729 4 
377 732 5 
377 735 1 
377 736 3 
377 746 5 
377 842 5 
377 855 3 
378 1 3 
378 7 3 
378 12 3 
378 22 3 
378 28 3 
378 31 3 
378 38 4 
378 58 4 
378 59 4 
378 60 4 
378 61 4 
378 62 3 
378 64 3 
378 69 4 
378 71 4 
378 81 3 
378 95 3 
378 98 3 
378 100 3 
378 109 4 
378 114 4 
378 118 3 
378 121 3 
378 132 3 
378 134 3 
378 139 3 
378 152 4 
378 154 4 
378 161 3 
378 163 3 
378 168 4 
378 170 4 
378 172 3 
378 176 3 
378 177 3 
378 180 3 
378 181 3 
378 183 3 
378 185 3 
378 186 4 
378 190 4 
378 194 3 
378 197 4 
378 208 3 
378 213 4 
378 215 3 
378 217 5 
378 222 3 
378 228 3 
378 229 3 
378 238 3 
378 241 3 
378 258 3 
378 265 3 
378 270 3 
378 306 5 
378 313 3 
378 315 4 
378 340 4 
378 356 3 
378 357 3 
378 382 3 
378 414 4 
378 416 4 
378 419 5 
378 423 3 
378 425 4 
378 427 3 
378 428 4 
378 435 3 
378 443 3 
378 449 3 
378 462 3 
378 463 4 
378 465 3 
378 474 3 
378 479 3 
378 483 3 
378 502 3 
378 506 4 
378 512 4 
378 515 3 
378 518 4 
378 521 4 
378 527 3 
378 529 4 
378 530 3 
378 549 4 
378 561 4 
378 566 3 
378 570 4 
378 573 2 
378 582 4 
378 587 3 
378 614 4 
378 629 3 
378 630 3 
378 631 4 
378 651 3 
378 652 3 
378 654 4 
378 663 4 
378 664 4 
378 665 5 
378 670 3 
378 684 3 
378 699 4 
378 708 3 
378 712 2 
378 729 3 
378 732 4 
378 736 4 
378 744 3 
378 750 3 
378 751 4 
378 753 3 
378 770 3 
378 856 3 
378 923 3 
378 956 5 
378 959 3 
379 1 4 
379 13 3 
379 14 5 
379 15 5 
379 16 5 
379 20 1 
379 30 3 
379 50 4 
379 59 4 
379 77 5 
379 79 3 
379 83 3 
379 89 5 
379 94 5 
379 95 1 
379 97 1 
379 99 3 
379 100 5 
379 102 5 
379 121 3 
379 129 3 
379 132 4 
379 133 4 
379 134 5 
379 135 5 
379 139 5 
379 150 4 
379 151 5 
379 175 1 
379 178 5 
379 191 4 
379 212 5 
379 214 3 
379 216 2 
379 217 5 
379 228 5 
379 259 3 
379 276 1 
379 281 5 
379 294 1 
379 303 5 
379 304 5 
379 318 4 
379 344 5 
379 378 5 
379 418 5 
379 443 4 
379 459 5 
379 462 4 
379 473 2 
379 479 4 
379 485 1 
379 487 5 
379 493 5 
379 495 3 
379 498 4 
379 501 3 
379 509 5 
379 517 5 
379 525 5 
379 526 5 
379 529 5 
379 582 5 
379 607 5 
379 631 4 
379 634 5 
379 640 1 
379 647 4 
379 652 4 
379 656 5 
379 657 1 
379 660 5 
379 673 5 
379 682 5 
379 693 5 
379 705 1 
379 724 4 
379 742 5 
379 771 5 
379 778 5 
379 855 5 
379 887 4 
379 898 4 
379 914 5 
379 931 4 
379 934 4 
379 961 4 
379 995 5 
380 7 4 
380 9 4 
380 23 5 
380 50 4 
380 56 4 
380 98 4 
380 100 4 
380 122 2 
380 127 4 
380 134 4 
380 135 5 
380 137 5 
380 150 5 
380 171 1 
380 177 3 
380 180 4 
380 183 4 
380 258 4 
380 276 3 
380 290 4 
380 332 4 
380 475 4 
380 481 4 
380 482 3 
380 507 4 
380 508 3 
380 531 4 
380 717 4 
381 14 5 
381 19 5 
381 58 5 
381 81 5 
381 86 4 
381 89 5 
381 100 5 
381 134 5 
381 135 5 
381 137 5 
381 180 5 
381 193 5 
381 197 5 
381 203 5 
381 205 5 
381 223 1 
381 237 5 
381 238 5 
381 268 4 
381 272 3 
381 285 5 
381 302 5 
381 315 5 
381 319 5 
381 321 4 
381 345 3 
381 357 4 
381 425 5 
381 427 4 
381 435 5 
381 464 3 
381 474 5 
381 475 5 
381 478 4 
381 479 5 
381 480 5 
381 483 5 
381 484 5 
381 496 5 
381 505 5 
381 514 5 
381 531 5 
381 603 5 
381 639 4 
381 641 4 
381 657 5 
382 272 4 
382 289 4 
382 302 4 
382 316 4 
382 327 4 
382 343 4 
382 355 4 
382 751 2 
382 989 4 
383 4 3 
383 8 3 
383 12 5 
383 18 3 
383 24 1 
383 29 5 
383 32 3 
383 37 4 
383 42 5 
383 47 4 
383 48 4 
383 50 5 
383 53 2 
383 56 4 
383 58 4 
383 59 4 
383 61 4 
383 79 4 
383 81 4 
383 82 3 
383 87 4 
383 89 5 
383 93 3 
383 98 5 
383 99 3 
383 111 3 
383 114 4 
383 122 5 
383 127 4 
383 128 4 
383 129 5 
383 131 3 
383 133 4 
383 134 5 
383 135 4 
383 136 5 
383 143 5 
383 144 4 
383 145 4 
383 151 3 
383 152 4 
383 153 4 
383 168 4 
383 169 5 
383 171 4 
383 172 4 
383 173 5 
383 174 5 
383 175 4 
383 177 4 
383 180 4 
383 181 5 
383 183 5 
383 186 4 
383 187 4 
383 189 5 
383 191 4 
383 192 4 
383 194 4 
383 195 5 
383 199 4 
383 200 4 
383 207 3 
383 208 4 
383 209 5 
383 211 4 
383 216 4 
383 217 1 
383 218 4 
383 219 3 
383 221 4 
383 224 4 
383 235 4 
383 236 3 
383 238 5 
383 249 1 
383 250 3 
383 253 4 
383 254 5 
383 256 4 
383 257 1 
383 262 5 
383 273 5 
383 276 3 
383 283 4 
383 285 3 
383 286 3 
383 290 1 
383 293 5 
383 304 5 
383 305 3 
383 318 3 
383 320 1 
383 325 5 
383 337 1 
383 340 5 
383 346 4 
383 347 3 
383 367 5 
383 383 5 
383 385 3 
383 403 4 
383 405 4 
383 408 5 
383 417 5 
383 419 1 
383 423 4 
383 425 5 
383 427 3 
383 428 4 
383 429 3 
383 430 1 
383 433 4 
383 435 4 
383 443 4 
383 447 4 
383 451 3 
383 455 1 
383 458 2 
383 461 4 
383 462 4 
383 473 3 
383 474 4 
383 479 4 
383 480 3 
383 482 4 
383 483 4 
383 485 4 
383 486 3 
383 487 5 
383 489 4 
383 492 5 
383 496 3 
383 498 4 
383 500 5 
383 502 4 
383 503 5 
383 506 4 
383 507 4 
383 508 4 
383 511 4 
383 512 4 
383 520 5 
383 521 5 
383 523 3 
383 524 5 
383 525 4 
383 526 4 
383 529 5 
383 557 4 
383 603 4 
383 604 5 
383 606 4 
383 616 3 
383 631 4 
383 650 4 
383 652 4 
383 653 4 
383 654 4 
383 657 3 
383 658 3 
383 659 4 
383 661 4 
383 663 5 
383 664 4 
383 673 5 
383 674 5 
383 675 5 
383 705 4 
383 719 4 
383 727 3 
383 732 5 
383 739 1 
383 745 4 
383 794 1 
383 851 3 
383 855 4 
383 865 3 
383 871 4 
383 896 1 
383 900 4 
383 919 4 
383 922 3 
383 940 5 
383 942 4 
383 945 5 
383 959 5 
383 961 4 
383 965 5 
384 24 3 
384 50 1 
384 121 2 
384 222 4 
384 273 5 
384 455 3 
384 685 3 
384 825 4 
384 833 4 
384 840 4 
385 2 4 
385 4 1 
385 7 3 
385 8 5 
385 10 4 
385 11 1 
385 13 3 
385 20 3 
385 22 3 
385 23 3 
385 24 4 
385 27 3 
385 31 3 
385 32 1 
385 33 4 
385 39 1 
385 47 3 
385 48 3 
385 50 3 
385 52 1 
385 55 3 
385 56 3 
385 58 3 
385 61 3 
385 62 4 
385 64 3 
385 68 3 
385 71 3 
385 76 3 
385 79 3 
385 81 3 
385 82 2 
385 83 3 
385 89 3 
385 91 2 
385 92 3 
385 93 5 
385 96 3 
385 97 3 
385 98 3 
385 99 4 
385 101 3 
385 102 3 
385 113 3 
385 114 3 
385 116 1 
385 117 3 
385 121 4 
385 123 4 
385 127 3 
385 129 3 
385 133 5 
385 135 3 
385 136 2 
385 144 3 
385 147 3 
385 151 3 
385 152 3 
385 156 4 
385 161 4 
385 168 3 
385 169 3 
385 176 3 
385 180 4 
385 181 3 
385 182 3 
385 183 3 
385 184 3 
385 186 3 
385 187 3 
385 189 5 
385 190 3 
385 192 2 
385 193 4 
385 194 4 
385 195 3 
385 196 3 
385 197 3 
385 198 2 
385 200 3 
385 201 5 
385 202 4 
385 203 3 
385 205 2 
385 206 4 
385 208 4 
385 209 3 
385 210 3 
385 211 3 
385 215 3 
385 217 4 
385 218 3 
385 219 5 
385 222 3 
385 223 4 
385 224 3 
385 226 4 
385 228 4 
385 229 4 
385 230 3 
385 231 4 
385 233 1 
385 238 3 
385 241 4 
385 246 3 
385 248 4 
385 250 1 
385 258 4 
385 265 4 
385 268 3 
385 273 4 
385 277 4 
385 288 4 
385 289 5 
385 293 3 
385 294 5 
385 295 5 
385 298 4 
385 317 4 
385 318 4 
385 319 5 
385 320 4 
385 321 1 
385 325 3 
385 333 1 
385 357 3 
385 380 5 
385 381 3 
385 385 4 
385 393 4 
385 403 1 
385 410 1 
385 414 5 
385 418 3 
385 423 3 
385 428 3 
385 429 4 
385 430 4 
385 431 2 
385 432 2 
385 435 5 
385 436 3 
385 441 5 
385 444 4 
385 446 4 
385 447 3 
385 448 5 
385 455 4 
385 458 1 
385 461 5 
385 463 3 
385 473 4 
385 474 3 
385 475 5 
385 477 2 
385 488 5 
385 496 4 
385 508 1 
385 511 4 
385 514 1 
385 515 3 
385 520 4 
385 526 5 
385 528 3 
385 547 4 
385 549 4 
385 558 2 
385 559 3 
385 561 3 
385 564 4 
385 566 3 
385 569 4 
385 578 1 
385 580 2 
385 582 3 
385 583 5 
385 593 4 
385 603 4 
385 619 5 
385 625 5 
385 642 1 
385 650 3 
385 651 3 
385 659 5 
385 663 3 
385 672 5 
385 674 4 
385 678 5 
385 679 4 
385 684 3 
385 692 3 
385 693 5 
385 697 4 
385 715 5 
385 732 4 
385 735 5 
385 737 4 
385 742 2 
385 744 3 
385 768 3 
385 769 3 
385 772 5 
385 773 4 
385 774 1 
385 789 3 
385 790 2 
385 806 5 
385 844 4 
385 845 4 
385 854 4 
385 856 3 
385 919 3 
385 942 3 
385 943 3 
385 952 2 
385 969 5 
385 972 3 
385 984 1 
386 5 5 
386 56 5 
386 100 4 
386 111 5 
386 117 5 
386 147 5 
386 184 5 
386 237 5 
386 259 5 
386 288 5 
386 298 5 
386 307 5 
386 310 5 
386 315 3 
386 323 5 
386 326 5 
386 333 5 
386 508 4 
386 569 5 
386 591 5 
386 628 4 
386 678 5 
386 680 5 
386 682 4 
386 690 4 
386 742 5 
386 769 4 
386 773 4 
386 816 4 
386 845 4 
386 871 4 
386 895 4 
387 4 4 
387 8 4 
387 23 5 
387 25 4 
387 28 4 
387 29 4 
387 38 4 
387 40 3 
387 42 5 
387 47 5 
387 50 4 
387 53 4 
387 56 4 
387 58 4 
387 59 4 
387 64 4 
387 65 5 
387 66 4 
387 69 4 
387 72 5 
387 77 4 
387 79 5 
387 80 4 
387 82 5 
387 88 4 
387 90 5 
387 94 5 
387 95 4 
387 98 4 
387 99 4 
387 100 4 
387 105 3 
387 109 5 
387 111 4 
387 118 4 
387 127 4 
387 131 4 
387 132 4 
387 136 4 
387 142 4 
387 151 3 
387 152 1 
387 153 4 
387 154 4 
387 159 2 
387 160 4 
387 167 4 
387 168 4 
387 172 4 
387 173 1 
387 174 4 
387 176 5 
387 178 4 
387 179 2 
387 181 4 
387 185 4 
387 186 4 
387 191 4 
387 194 4 
387 197 4 
387 202 4 
387 204 4 
387 205 4 
387 208 3 
387 210 4 
387 211 5 
387 216 4 
387 217 4 
387 234 4 
387 238 4 
387 249 2 
387 275 4 
387 283 4 
387 285 4 
387 300 4 
387 301 5 
387 346 3 
387 378 4 
387 383 4 
387 384 4 
387 393 2 
387 395 4 
387 396 4 
387 401 4 
387 404 4 
387 407 5 
387 410 1 
387 411 1 
387 414 4 
387 416 4 
387 420 4 
387 423 4 
387 428 3 
387 429 4 
387 435 4 
387 451 4 
387 454 4 
387 467 5 
387 471 4 
387 474 4 
387 475 5 
387 477 5 
387 478 4 
387 479 4 
387 480 4 
387 481 3 
387 483 4 
387 484 4 
387 490 4 
387 491 3 
387 492 2 
387 493 4 
387 497 4 
387 498 4 
387 499 4 
387 501 4 
387 502 4 
387 503 4 
387 504 4 
387 506 4 
387 507 4 
387 509 4 
387 510 4 
387 514 4 
387 517 5 
387 518 4 
387 519 4 
387 520 4 
387 525 4 
387 526 4 
387 550 5 
387 558 1 
387 568 4 
387 583 3 
387 584 5 
387 588 4 
387 591 4 
387 602 4 
387 604 5 
387 605 3 
387 607 3 
387 610 4 
387 612 3 
387 613 5 
387 615 3 
387 616 1 
387 630 5 
387 631 4 
387 642 5 
387 649 5 
387 656 5 
387 657 4 
387 661 4 
387 662 5 
387 671 4 
387 674 1 
387 693 4 
387 699 4 
387 700 2 
387 705 4 
387 712 1 
387 715 5 
387 731 3 
387 732 4 
387 736 3 
387 739 4 
387 756 1 
387 763 1 
387 778 5 
387 780 5 
387 785 5 
387 792 5 
387 820 5 
387 824 5 
387 835 5 
387 836 5 
387 845 5 
387 847 4 
387 923 4 
387 926 4 
387 942 2 
387 945 4 
387 954 5 
387 997 5 
388 1 4 
388 9 4 
388 13 4 
388 126 3 
388 258 4 
388 275 3 
388 302 4 
388 304 3 
388 319 1 
388 328 4 
388 329 4 
388 331 4 
388 740 3 
388 742 3 
388 845 3 
388 989 4 
389 9 5 
389 11 4 
389 12 5 
389 15 3 
389 22 5 
389 31 5 
389 47 4 
389 48 3 
389 56 4 
389 58 4 
389 59 4 
389 60 3 
389 64 5 
389 69 1 
389 71 5 
389 76 5 
389 89 3 
389 97 3 
389 100 4 
389 127 1 
389 132 4 
389 134 5 
389 148 5 
389 168 5 
389 173 5 
389 182 5 
389 188 2 
389 191 4 
389 195 4 
389 197 5 
389 200 5 
389 203 5 
389 204 5 
389 205 1 
389 213 4 
389 215 5 
389 222 2 
389 234 5 
389 237 4 
389 238 3 
389 258 5 
389 264 3 
389 276 4 
389 282 3 
389 286 3 
389 288 3 
389 294 4 
389 300 5 
389 318 4 
389 334 1 
389 357 3 
389 421 4 
389 458 3 
389 460 4 
389 471 4 
389 474 4 
389 479 5 
389 480 3 
389 482 5 
389 490 5 
389 491 4 
389 498 5 
389 504 5 
389 507 5 
389 508 4 
389 510 5 
389 511 5 
389 527 4 
389 530 4 
389 544 4 
389 546 1 
389 603 5 
389 604 5 
389 628 1 
389 646 4 
389 659 5 
389 661 5 
389 678 4 
389 748 5 
389 772 5 
389 774 5 
389 963 4 
390 8 4 
390 23 5 
390 58 1 
390 59 5 
390 99 4 
390 114 4 
390 129 1 
390 166 1 
390 169 4 
390 170 5 
390 172 5 
390 173 5 
390 178 5 
390 179 4 
390 180 2 
390 181 5 
390 189 1 
390 191 5 
390 197 5 
390 199 5 
390 200 1 
390 209 1 
390 244 1 
390 248 5 
390 249 5 
390 250 5 
390 255 5 
390 257 4 
390 260 5 
390 268 1 
390 270 5 
390 271 5 
390 272 4 
390 276 1 
390 285 5 
390 288 5 
390 289 5 
390 293 5 
390 294 5 
390 297 5 
390 300 5 
390 302 4 
390 303 5 
390 304 4 
390 310 5 
390 312 3 
390 313 5 
390 319 5 
390 321 1 
390 323 5 
390 324 5 
390 325 5 
390 328 5 
390 333 1 
390 340 5 
390 344 1 
390 345 5 
390 346 4 
390 347 5 
390 463 5 
390 482 5 
390 491 5 
390 492 1 
390 493 5 
390 511 5 
390 515 5 
390 534 4 
390 538 5 
390 615 1 
390 632 5 
390 650 4 
390 663 5 
390 705 4 
390 813 3 
390 847 4 
390 872 5 
390 873 3 
390 880 5 
391 2 4 
391 3 4 
391 4 5 
391 5 4 
391 7 2 
391 11 2 
391 12 4 
391 15 4 
391 17 4 
391 21 4 
391 22 3 
391 24 3 
391 25 3 
391 26 4 
391 27 1 
391 28 4 
391 29 4 
391 31 4 
391 36 5 
391 38 5 
391 40 4 
391 41 2 
391 42 4 
391 48 4 
391 49 4 
391 50 4 
391 51 3 
391 54 4 
391 55 4 
391 56 4 
391 58 4 
391 62 4 
391 64 4 
391 65 2 
391 67 4 
391 68 4 
391 69 3 
391 70 3 
391 71 4 
391 73 3 
391 78 3 
391 79 3 
391 81 4 
391 83 3 
391 84 3 
391 85 4 
391 86 3 
391 87 5 
391 88 3 
391 90 5 
391 94 4 
391 95 4 
391 99 2 
391 100 3 
391 105 5 
391 108 4 
391 109 5 
391 110 5 
391 111 4 
391 117 3 
391 118 2 
391 122 5 
391 123 5 
391 126 4 
391 128 5 
391 132 3 
391 135 5 
391 136 4 
391 138 4 
391 139 3 
391 142 3 
391 144 1 
391 147 4 
391 148 1 
391 153 3 
391 154 1 
391 161 5 
391 168 3 
391 169 4 
391 172 2 
391 173 5 
391 181 5 
391 184 5 
391 186 4 
391 189 4 
391 191 1 
391 194 5 
391 196 3 
391 202 5 
391 203 4 
391 204 4 
391 206 1 
391 215 4 
391 222 3 
391 223 4 
391 227 5 
391 228 4 
391 233 5 
391 237 5 
391 239 4 
391 240 4 
391 241 4 
391 243 4 
391 245 5 
391 252 3 
391 255 3 
391 257 4 
391 258 4 
391 265 5 
391 270 5 
391 271 3 
391 273 4 
391 274 3 
391 275 4 
391 278 5 
391 280 5 
391 281 4 
391 283 4 
391 290 5 
391 291 4 
391 294 4 
391 298 4 
391 303 4 
391 313 4 
391 316 4 
391 317 4 
391 318 3 
391 321 4 
391 323 3 
391 328 4 
391 333 4 
391 338 4 
391 342 4 
391 344 4 
391 347 4 
391 354 4 
391 355 3 
391 356 4 
391 357 1 
391 362 4 
391 363 4 
391 364 4 
391 365 4 
391 366 4 
391 369 4 
391 373 4 
391 374 3 
391 376 4 
391 377 5 
391 378 4 
391 380 4 
391 385 4 
391 386 4 
391 391 5 
391 393 5 
391 394 5 
391 396 4 
391 403 3 
391 404 5 
391 405 3 
391 409 3 
391 410 3 
391 412 5 
391 415 3 
391 417 5 
391 418 3 
391 419 5 
391 420 4 
391 421 5 
391 423 4 
391 431 4 
391 443 4 
391 456 4 
391 465 4 
391 470 4 
391 471 3 
391 472 5 
391 473 2 
391 476 4 
391 477 5 
391 479 4 
391 480 3 
391 496 4 
391 497 4 
391 500 3 
391 501 4 
391 527 3 
391 538 4 
391 539 5 
391 540 5 
391 544 3 
391 546 3 
391 550 4 
391 552 4 
391 553 4 
391 554 4 
391 559 3 
391 561 4 
391 566 4 
391 568 4 
391 569 4 
391 571 4 
391 576 3 
391 578 4 
391 588 5 
391 591 4 
391 596 4 
391 597 3 
391 622 4 
391 623 4 
391 628 4 
391 630 3 
391 633 4 
391 636 2 
391 644 4 
391 651 3 
391 655 5 
391 659 3 
391 672 4 
391 681 5 
391 683 4 
391 685 1 
391 686 5 
391 687 3 
391 690 4 
391 692 4 
391 696 4 
391 705 5 
391 710 4 
391 715 4 
391 717 5 
391 721 2 
391 722 4 
391 725 5 
391 727 4 
391 728 4 
391 731 4 
391 737 4 
391 739 4 
391 742 4 
391 747 4 
391 751 1 
391 755 5 
391 756 4 
391 761 4 
391 763 4 
391 771 4 
391 775 3 
391 778 4 
391 779 3 
391 780 3 
391 781 3 
391 783 3 
391 789 5 
391 792 3 
391 794 4 
391 797 5 
391 802 4 
391 805 1 
391 808 5 
391 810 1 
391 812 4 
391 815 3 
391 821 4 
391 824 4 
391 825 3 
391 826 4 
391 831 4 
391 836 1 
391 840 4 
391 841 5 
391 842 4 
391 843 5 
391 845 4 
391 870 4 
391 871 5 
391 876 5 
391 879 3 
391 890 4 
391 905 3 
391 922 4 
391 929 4 
391 930 5 
391 932 5 
391 939 4 
391 940 5 
391 944 4 
391 949 4 
391 951 4 
391 953 4 
391 964 3 
391 977 5 
391 996 5 
391 997 4 
391 999 5 
391 1000 5 
392 1 4 
392 7 4 
392 28 4 
392 31 4 
392 38 4 
392 39 4 
392 42 4 
392 56 4 
392 63 4 
392 68 4 
392 72 4 
392 73 4 
392 79 4 
392 84 4 
392 88 4 
392 96 4 
392 97 4 
392 98 4 
392 101 4 
392 117 4 
392 121 4 
392 128 4 
392 132 4 
392 144 4 
392 154 4 
392 156 4 
392 158 4 
392 161 4 
392 164 4 
392 172 5 
392 174 1 
392 179 4 
392 181 5 
392 184 4 
392 195 5 
392 208 4 
392 210 5 
392 216 4 
392 217 4 
392 218 4 
392 222 4 
392 226 4 
392 227 4 
392 229 4 
392 230 4 
392 232 4 
392 233 5 
392 238 4 
392 250 4 
392 257 5 
392 265 5 
392 282 4 
392 288 4 
392 313 5 
392 364 4 
392 383 4 
392 385 4 
392 386 4 
392 411 4 
392 416 5 
392 419 4 
392 423 5 
392 433 4 
392 449 4 
392 450 4 
392 455 4 
392 496 5 
392 508 4 
392 540 4 
392 541 4 
392 550 4 
392 552 4 
392 554 4 
392 559 4 
392 561 5 
392 568 4 
392 576 4 
392 578 5 
392 597 4 
392 655 4 
392 658 4 
392 665 4 
392 679 4 
392 746 4 
392 763 4 
392 771 4 
392 773 5 
392 780 5 
392 797 4 
392 802 4 
392 979 5 
393 1 4 
393 50 5 
393 64 3 
393 89 4 
393 97 5 
393 98 5 
393 100 4 
393 121 4 
393 151 4 
393 154 2 
393 174 1 
393 186 4 
393 196 5 
393 210 5 
393 216 5 
393 237 4 
393 252 4 
393 255 5 
393 257 3 
393 273 5 
393 313 5 
393 315 4 
393 328 4 
393 342 3 
393 343 3 
393 423 5 
393 458 2 
393 472 2 
393 632 1 
393 739 4 
393 892 2 
393 924 2 
394 1 4 
394 9 3 
394 25 2 
394 100 4 
394 106 4 
394 117 4 
394 121 4 
394 125 4 
394 222 4 
394 237 5 
394 245 3 
394 260 4 
394 274 5 
394 291 4 
394 300 4 
394 322 4 
394 328 4 
394 329 3 
394 333 4 
394 405 3 
394 455 4 
394 471 4 
394 591 5 
394 619 4 
394 678 3 
394 717 4 
394 751 5 
394 840 3 
394 930 4 
394 977 3 
394 986 4 
395 7 3 
395 8 4 
395 23 1 
395 56 4 
395 95 5 
395 100 5 
395 108 1 
395 109 1 
395 117 2 
395 127 5 
395 134 3 
395 135 3 
395 156 3 
395 171 5 
395 172 5 
395 174 5 
395 177 5 
395 178 5 
395 181 5 
395 183 5 
395 192 4 
395 194 5 
395 197 5 
395 210 4 
395 221 2 
395 223 5 
395 261 1 
395 268 3 
395 286 3 
395 288 5 
395 302 4 
395 313 5 
395 318 3 
395 322 1 
395 324 5 
395 325 3 
395 327 1 
395 334 1 
395 338 5 
395 340 1 
395 345 1 
395 346 4 
395 390 5 
395 423 5 
395 457 5 
395 475 5 
395 479 5 
395 483 5 
395 498 5 
395 513 5 
395 588 2 
395 615 1 
395 641 4 
395 657 5 
395 680 3 
395 705 5 
395 748 1 
395 751 5 
395 853 2 
395 855 1 
395 878 5 
395 894 5 
395 896 4 
395 988 5 
395 989 2 
395 991 3 
396 4 4 
396 12 4 
396 13 5 
396 15 5 
396 25 4 
396 28 1 
396 31 1 
396 47 4 
396 49 3 
396 50 4 
396 56 4 
396 58 4 
396 63 3 
396 64 4 
396 65 5 
396 66 5 
396 69 5 
396 70 2 
396 72 2 
396 73 1 
396 82 4 
396 85 4 
396 88 4 
396 94 5 
396 95 4 
396 117 4 
396 124 5 
396 125 5 
396 126 3 
396 127 4 
396 144 4 
396 152 3 
396 154 4 
396 159 4 
396 162 3 
396 163 1 
396 167 5 
396 168 4 
396 172 4 
396 173 3 
396 174 4 
396 178 4 
396 181 5 
396 182 3 
396 183 4 
396 186 1 
396 191 4 
396 194 4 
396 196 3 
396 197 4 
396 199 4 
396 202 4 
396 203 3 
396 204 4 
396 205 1 
396 211 4 
396 216 4 
396 227 5 
396 228 4 
396 229 2 
396 230 3 
396 234 4 
396 235 3 
396 239 4 
396 274 2 
396 276 3 
396 284 3 
396 357 4 
396 385 3 
396 393 5 
396 399 4 
396 403 5 
396 414 4 
396 417 4 
396 423 4 
396 429 3 
396 430 4 
396 432 3 
396 435 4 
396 474 4 
396 476 4 
396 479 4 
396 480 4 
396 481 3 
396 485 3 
396 491 4 
396 493 4 
396 494 4 
396 495 5 
396 496 4 
396 497 4 
396 498 3 
396 501 3 
396 502 4 
396 504 3 
396 510 4 
396 514 5 
396 519 5 
396 520 4 
396 521 4 
396 525 4 
396 588 4 
396 589 1 
396 591 3 
396 602 4 
396 648 3 
396 654 4 
396 663 4 
396 692 5 
396 700 4 
396 710 4 
396 715 1 
396 732 4 
396 735 4 
396 737 4 
396 756 5 
396 796 4 
396 953 3 
396 969 2 
396 991 3 
396 993 5 
397 2 3 
397 5 4 
397 8 3 
397 9 4 
397 15 4 
397 22 3 
397 26 3 
397 31 3 
397 33 3 
397 38 4 
397 41 3 
397 42 4 
397 48 3 
397 53 3 
397 55 3 
397 56 3 
397 57 3 
397 58 3 
397 62 1 
397 63 2 
397 66 4 
397 67 1 
397 68 5 
397 69 4 
397 71 3 
397 72 3 
397 73 3 
397 77 3 
397 79 3 
397 80 1 
397 84 3 
397 91 5 
397 94 5 
397 95 3 
397 97 3 
397 98 3 
397 99 3 
397 102 3 
397 110 4 
397 114 3 
397 117 3 
397 118 1 
397 121 3 
397 127 3 
397 128 4 
397 132 3 
397 140 4 
397 143 4 
397 144 3 
397 147 5 
397 148 4 
397 153 3 
397 154 3 
397 155 3 
397 156 3 
397 157 3 
397 161 5 
397 164 3 
397 172 3 
397 173 3 
397 174 3 
397 175 3 
397 179 3 
397 180 3 
397 181 3 
397 186 3 
397 187 3 
397 188 3 
397 195 3 
397 196 3 
397 203 3 
397 204 3 
397 210 3 
397 214 3 
397 215 4 
397 219 2 
397 223 3 
397 226 3 
397 227 1 
397 228 3 
397 229 4 
397 230 1 
397 231 3 
397 233 1 
397 234 3 
397 237 3 
397 238 3 
397 239 3 
397 241 3 
397 264 4 
397 265 3 
397 268 4 
397 273 2 
397 274 1 
397 276 3 
397 282 4 
397 284 5 
397 288 4 
397 289 4 
397 291 3 
397 295 4 
397 301 3 
397 307 3 
397 318 3 
397 323 5 
397 332 4 
397 338 4 
397 340 5 
397 364 2 
397 372 3 
397 378 3 
397 382 4 
397 383 4 
397 384 3 
397 385 4 
397 386 4 
397 388 1 
397 389 3 
397 393 3 
397 399 3 
397 400 3 
397 401 4 
397 402 3 
397 403 3 
397 405 4 
397 407 3 
397 412 2 
397 413 3 
397 418 3 
397 420 3 
397 423 4 
397 431 4 
397 432 3 
397 436 4 
397 444 3 
397 450 4 
397 451 3 
397 452 4 
397 454 1 
397 455 3 
397 459 3 
397 470 5 
397 471 5 
397 475 3 
397 486 3 
397 496 3 
397 501 3 
397 506 3 
397 508 4 
397 527 3 
397 531 3 
397 542 1 
397 543 3 
397 544 2 
397 546 5 
397 549 3 
397 550 4 
397 551 3 
397 554 2 
397 559 4 
397 564 3 
397 566 4 
397 568 4 
397 575 3 
397 576 4 
397 578 5 
397 582 3 
397 587 3 
397 588 3 
397 591 4 
397 597 3 
397 616 3 
397 622 3 
397 628 3 
397 633 3 
397 651 3 
397 655 4 
397 673 4 
397 679 3 
397 684 3 
397 693 2 
397 697 3 
397 710 4 
397 720 4 
397 722 4 
397 727 3 
397 732 3 
397 735 3 
397 738 5 
397 742 4 
397 744 4 
397 747 4 
397 754 3 
397 755 4 
397 760 3 
397 763 4 
397 768 3 
397 769 3 
397 772 1 
397 774 3 
397 779 3 
397 781 4 
397 806 3 
397 809 3 
397 813 3 
397 817 3 
397 824 4 
397 825 4 
397 826 3 
397 845 4 
397 924 2 
397 926 4 
397 928 4 
397 941 4 
397 946 5 
397 959 3 
397 969 1 
397 975 3 
397 977 2 
397 986 1 
398 258 4 
398 286 4 
398 288 3 
398 294 4 
398 300 4 
398 304 4 
398 332 4 
398 689 3 
398 690 3 
399 9 3 
399 11 3 
399 13 3 
399 14 3 
399 25 3 
399 26 3 
399 44 3 
399 50 3 
399 64 3 
399 65 3 
399 69 3 
399 70 3 
399 71 3 
399 83 3 
399 97 3 
399 100 3 
399 117 3 
399 127 3 
399 133 3 
399 135 3 
399 143 3 
399 144 3 
399 147 3 
399 151 3 
399 153 3 
399 154 3 
399 157 3 
399 161 3 
399 162 3 
399 172 3 
399 173 3 
399 174 3 
399 181 3 
399 194 3 
399 196 3 
399 197 3 
399 198 3 
399 199 3 
399 202 3 
399 204 3 
399 210 3 
399 225 4 
399 248 3 
399 257 3 
399 272 3 
399 273 3 
399 275 3 
399 276 3 
399 280 4 
399 282 3 
399 294 4 
399 302 3 
399 312 4 
399 315 3 
399 316 3 
399 321 3 
399 322 3 
399 328 3 
399 342 4 
399 356 3 
399 357 3 
399 365 4 
399 371 3 
399 385 3 
399 404 3 
399 430 3 
399 435 3 
399 451 3 
399 462 3 
399 471 3 
399 473 3 
399 477 3 
399 478 3 
399 481 3 
399 483 3 
399 485 3 
399 486 3 
399 493 3 
399 499 3 
399 501 3 
399 507 3 
399 508 3 
399 509 3 
399 511 3 
399 515 3 
399 519 3 
399 520 3 
399 527 3 
399 528 3 
399 535 5 
399 553 3 
399 566 3 
399 582 3 
399 588 3 
399 603 3 
399 604 3 
399 609 3 
399 630 2 
399 632 3 
399 638 3 
399 651 3 
399 654 3 
399 655 3 
399 659 3 
399 661 3 
399 684 3 
399 707 3 
399 724 3 
399 735 3 
399 748 3 
399 762 3 
399 815 3 
399 866 3 
399 892 3 
400 7 4 
400 9 4 
400 10 4 
400 12 4 
400 13 4 
400 16 4 
400 19 4 
400 25 4 
400 42 1 
400 50 5 
400 111 4 
400 116 3 
400 117 4 
400 124 4 
400 126 3 
400 127 1 
400 135 5 
400 151 4 
400 182 4 
400 204 5 
400 235 4 
400 237 5 
400 245 4 
400 255 5 
400 257 5 
400 273 3 
400 276 3 
400 286 4 
400 455 4 
400 471 3 
400 475 1 
400 476 4 
400 479 3 
400 480 4 
400 483 4 
400 511 5 
400 515 2 
400 529 3 
400 628 4 
400 696 5 
400 864 5 
